0	0.092840	100000.00	49.820000	0.082350	100000.00	53.600000
1	0.034110	90716.00	53.890000	0.033160	91765.00	57.390000
2	0.016660	87622.00	54.770000	0.016850	88722.00	58.340000
3	0.011400	86162.00	54.690000	0.011350	87227.00	58.330000
4	0.007310	85180.00	54.320000	0.006890	86237.00	57.990000
5	0.005190	84558.00	53.710000	0.004930	85643.00	57.390000
6	0.003860	84118.00	52.990000	0.003620	85221.00	56.680000
7	0.003320	83794.00	52.200000	0.002880	84912.00	55.880000
8	0.002470	83515.00	51.370000	0.002200	84667.00	55.040000
9	0.002240	83309.00	50.490000	0.002040	84481.00	54.160000
10	0.001950	83123.00	49.610000	0.001780	84309.00	53.270000
11	0.001760	82961.00	48.700000	0.001730	84158.00	52.360000
12	0.001700	82815.00	47.790000	0.001810	84013.00	51.450000
13	0.001830	82674.00	46.870000	0.001910	83861.00	50.550000
14	0.002040	82523.00	45.950000	0.002370	83701.00	49.640000
15	0.002690	82355.00	45.050000	0.003160	83502.00	48.760000
16	0.003270	82133.00	44.170000	0.003690	83238.00	47.910000
17	0.004250	81865.00	43.310000	0.004480	82931.00	47.090000
18	0.005490	81516.00	42.490000	0.005270	82560.00	46.300000
19	0.006810	81069.00	41.720000	0.006250	82125.00	45.540000
20	0.007670	80517.00	41.010000	0.007050	81611.00	44.820000
21	0.008320	79900.00	40.320000	0.007360	81036.00	44.140000
22	0.008700	79235.00	39.650000	0.007410	80439.00	43.460000
23	0.009000	78545.00	39.000000	0.007800	79843.00	42.780000
24	0.009010	77838.00	38.350000	0.007870	79220.00	42.110000
25	0.008980	77137.00	37.690000	0.007710	78597.00	41.440000
26	0.008640	76444.00	37.030000	0.007290	77992.00	40.760000
27	0.008660	75783.00	36.350000	0.007370	77423.00	40.060000
28	0.008120	75127.00	35.660000	0.007200	76853.00	39.350000
29	0.008370	74517.00	34.950000	0.007300	76299.00	38.630000
30	0.007960	73893.00	34.240000	0.007160	75742.00	37.910000
31	0.007950	73304.00	33.510000	0.007070	75200.00	37.180000
32	0.008200	72722.00	32.770000	0.006950	74668.00	36.440000
33	0.008240	72125.00	32.040000	0.007040	74149.00	35.700000
34	0.008040	71531.00	31.300000	0.006860	73627.00	34.950000
35	0.008230	70956.00	30.550000	0.006880	73121.00	34.180000
36	0.008340	70372.00	29.800000	0.007120	72618.00	33.420000
37	0.008740	69785.00	29.050000	0.007220	72101.00	32.650000
38	0.008680	69175.00	28.300000	0.007130	71580.00	31.890000
39	0.008730	68575.00	27.540000	0.007410	71070.00	31.110000
40	0.009470	67976.00	26.780000	0.007720	70543.00	30.340000
41	0.009340	67333.00	26.030000	0.007880	69998.00	29.570000
42	0.009620	66704.00	25.270000	0.008100	69447.00	28.800000
43	0.010190	66062.00	24.510000	0.007940	68884.00	28.040000
44	0.010620	65389.00	23.760000	0.007900	68337.00	27.260000
45	0.010960	64694.00	23.010000	0.008200	67797.00	26.470000
46	0.011760	63985.00	22.260000	0.008730	67241.00	25.680000
47	0.012690	63232.00	21.520000	0.009370	66654.00	24.910000
48	0.013030	62430.00	20.790000	0.009510	66030.00	24.140000
49	0.014260	61617.00	20.060000	0.010490	65402.00	23.360000
50	0.014520	60738.00	19.340000	0.011150	64716.00	22.610000
51	0.016330	59856.00	18.620000	0.011660	63994.00	21.860000
52	0.017440	58879.00	17.920000	0.012320	63248.00	21.110000
53	0.019030	57852.00	17.230000	0.013180	62469.00	20.360000
54	0.019960	56751.00	16.550000	0.013510	61645.00	19.630000
55	0.021060	55618.00	15.880000	0.014080	60813.00	18.890000
56	0.022660	54447.00	15.210000	0.015340	59956.00	18.150000
57	0.025530	53213.00	14.550000	0.016240	59036.00	17.430000
58	0.028600	51855.00	13.920000	0.018510	58077.00	16.710000
59	0.030000	50372.00	13.310000	0.019790	57002.00	16.010000
60	0.034990	48861.00	12.710000	0.022820	55874.00	15.330000
61	0.034940	47151.00	12.150000	0.022980	54599.00	14.670000
62	0.040080	45503.00	11.570000	0.026490	53344.00	14.010000
63	0.043510	43680.00	11.040000	0.028820	51931.00	13.370000
64	0.046940	41779.00	10.520000	0.030620	50435.00	12.760000
65	0.051890	39818.00	10.010000	0.033470	48891.00	12.140000
66	0.055470	37752.00	9.530000	0.037040	47254.00	11.550000
67	0.059860	35658.00	9.060000	0.038920	45504.00	10.970000
68	0.065600	33523.00	8.600000	0.044050	43733.00	10.400000
69	0.068880	31324.00	8.170000	0.046940	41807.00	9.850000
70	0.076820	29166.00	7.740000	0.052840	39844.00	9.310000
71	0.080870	26926.00	7.340000	0.059250	37739.00	8.800000
72	0.088810	24748.00	6.950000	0.062340	35503.00	8.330000
73	0.094750	22551.00	6.570000	0.068960	33289.00	7.850000
74	0.100180	20414.00	6.210000	0.074540	30994.00	7.390000
75	0.113710	18369.00	5.850000	0.084760	28684.00	6.950000
76	0.115380	16280.00	5.530000	0.089250	26252.00	6.540000
77	0.124310	14402.00	5.190000	0.095790	23909.00	6.140000
78	0.139990	12611.00	4.850000	0.103760	21619.00	5.730000
79	0.153290	10846.00	4.560000	0.120300	19376.00	5.340000
80	0.162240	9183.00	4.300000	0.133970	17045.00	5.000000
81	0.179590	7693.00	4.030000	0.143500	14762.00	4.700000
82	0.192120	6312.00	3.810000	0.157600	12643.00	4.400000
83	0.209300	5099.00	3.590000	0.181680	10651.00	4.130000
84	0.205880	4032.00	3.410000	0.175550	8716.00	3.940000
85	0.235560	3202.00	3.170000	0.193400	7186.00	3.670000
86	0.254840	2448.00	2.990000	0.211150	5796.00	3.430000
87	0.270670	1824.00	2.840000	0.224150	4572.00	3.210000
88	0.276560	1330.00	2.710000	0.242320	3547.00	3.000000
89	0.292410	962.00	2.550000	0.268720	2688.00	2.800000
90	0.300610	681.00	2.400000	0.290810	1965.00	2.640000
91	0.348930	476.00	2.220000	0.294450	1394.00	2.520000
92	0.355130	310.00	2.140000	0.323630	983.00	2.370000
93	0.370420	200.00	2.050000	0.344300	665.00	2.260000
94	0.386760	126.00	1.950000	0.340750	436.00	2.180000
95	0.401470	77.00	1.870000	0.367690	288.00	2.050000
96	0.417630	46.00	1.790000	0.385080	182.00	1.950000
97	0.433390	27.00	1.720000	0.402200	112.00	1.870000
98	0.448660	15.00	1.650000	0.418940	67.00	1.780000
99	0.463410	8.00	1.590000	0.435230	39.00	1.710000
100	0.477580	5.00	1.540000	0.451000	22.00	1.640000
101	0.491130	2.00	1.490000	0.466200	12.00	1.580000
102	0.504050	1.00	1.440000	0.480760	6.00	1.530000
103	0.516300	1.00	1.400000	0.494660	3.00	1.470000
104	0.527890	0.00	1.360000	0.507860	2.00	1.430000
105	0.538800	0.00	1.330000	0.520340	1.00	1.390000
106	0.549050	0.00	1.300000	0.532110	0.00	1.350000
107	0.558640	0.00	1.270000	0.543150	0.00	1.320000
108	0.567590	0.00	1.250000	0.553480	0.00	1.290000
109	0.575920	0.00	1.230000	0.563110	0.00	1.260000
110	0.584250	0.00	1.210000	0.572740	0.00	1.230000
111	0.592580	0.00	1.190000	0.582370	0.00	1.200000
112	0.600910	0.00	1.170000	0.592000	0.00	1.170000
113	0.609240	0.00	1.150000	0.601630	0.00	1.140000
114	0.617570	0.00	1.130000	0.611260	0.00	1.110000
115	0.625900	0.00	1.110000	0.620890	0.00	1.080000
116	0.634230	0.00	1.090000	0.630520	0.00	1.050000
117	0.642560	0.00	1.070000	0.640150	0.00	1.020000
118	0.650890	0.00	1.050000	0.649780	0.00	0.990000
119	0.659220	0.00	1.030000	0.659410	0.00	0.960000
