0	 0.006990	 100,000	 75.90	 0.005728	 100,000	 80.81
1	 0.000447	 99,301	 75.43	 0.000373	 99,427	 80.28
2	 0.000301	 99,257	 74.46	 0.000241	 99,390	 79.31
3	 0.000233	 99,227	 73.48	 0.000186	 99,366	 78.32
4	 0.000177	 99,204	 72.50	 0.000150	 99,348	 77.34
5	 0.000161	 99,186	 71.51	 0.000133	 99,333	 76.35
6	 0.000150	 99,170	 70.53	 0.000121	 99,320	 75.36
7	 0.000139	 99,155	 69.54	 0.000112	 99,308	 74.37
8	 0.000123	 99,141	 68.55	 0.000104	 99,296	 73.38
9	 0.000105	 99,129	 67.55	 0.000098	 99,286	 72.39
10	 0.000091	 99,119	 66.56	 0.000094	 99,276	 71.39
11	 0.000096	 99,110	 65.57	 0.000098	 99,267	 70.40
12	 0.000135	 99,100	 64.57	 0.000114	 99,257	 69.41
13	 0.000217	 99,087	 63.58	 0.000143	 99,246	 68.41
14	 0.000332	 99,065	 62.60	 0.000183	 99,232	 67.42
15	 0.000456	 99,033	 61.62	 0.000229	 99,214	 66.44
16	 0.000579	 98,987	 60.64	 0.000274	 99,191	 65.45
17	 0.000709	 98,930	 59.68	 0.000314	 99,164	 64.47
18	 0.000843	 98,860	 58.72	 0.000347	 99,133	 63.49
19	 0.000977	 98,777	 57.77	 0.000374	 99,098	 62.51
20	 0.001118	 98,680	 56.83	 0.000402	 99,061	 61.53
21	 0.001250	 98,570	 55.89	 0.000431	 99,021	 60.56
22	 0.001342	 98,447	 54.96	 0.000458	 98,979	 59.58
23	 0.001382	 98,314	 54.03	 0.000482	 98,933	 58.61
24	 0.001382	 98,179	 53.11	 0.000504	 98,886	 57.64
25	 0.001370	 98,043	 52.18	 0.000527	 98,836	 56.67
26	 0.001364	 97,909	 51.25	 0.000551	 98,784	 55.70
27	 0.001362	 97,775	 50.32	 0.000575	 98,729	 54.73
28	 0.001373	 97,642	 49.39	 0.000602	 98,673	 53.76
29	 0.001393	 97,508	 48.45	 0.000630	 98,613	 52.79
30	 0.001419	 97,372	 47.52	 0.000662	 98,551	 51.82
31	 0.001445	 97,234	 46.59	 0.000699	 98,486	 50.86
32	 0.001478	 97,093	 45.65	 0.000739	 98,417	 49.89
33	 0.001519	 96,950	 44.72	 0.000780	 98,344	 48.93
34	 0.001569	 96,802	 43.79	 0.000827	 98,267	 47.97
35	 0.001631	 96,651	 42.86	 0.000879	 98,186	 47.01
36	 0.001709	 96,493	 41.93	 0.000943	 98,100	 46.05
37	 0.001807	 96,328	 41.00	 0.001020	 98,007	 45.09
38	 0.001927	 96,154	 40.07	 0.001114	 97,907	 44.14
39	 0.002070	 95,969	 39.15	 0.001224	 97,798	 43.19
40	 0.002234	 95,770	 38.23	 0.001345	 97,679	 42.24
41	 0.002420	 95,556	 37.31	 0.001477	 97,547	 41.29
42	 0.002628	 95,325	 36.40	 0.001624	 97,403	 40.35
43	 0.002860	 95,074	 35.50	 0.001789	 97,245	 39.42
44	 0.003117	 94,802	 34.60	 0.001968	 97,071	 38.49
45	 0.003396	 94,507	 33.70	 0.002161	 96,880	 37.56
46	 0.003703	 94,186	 32.82	 0.002364	 96,671	 36.64
47	 0.004051	 93,837	 31.94	 0.002578	 96,442	 35.73
48	 0.004444	 93,457	 31.06	 0.002800	 96,193	 34.82
49	 0.004878	 93,042	 30.20	 0.003032	 95,924	 33.92
50	 0.005347	 92,588	 29.35	 0.003289	 95,633	 33.02
51	 0.005838	 92,093	 28.50	 0.003559	 95,319	 32.13
52	 0.006337	 91,555	 27.66	 0.003819	 94,980	 31.24
53	 0.006837	 90,975	 26.84	 0.004059	 94,617	 30.36
54	 0.007347	 90,353	 26.02	 0.004296	 94,233	 29.48
55	 0.007905	 89,689	 25.21	 0.004556	 93,828	 28.60
56	 0.008508	 88,980	 24.41	 0.004862	 93,400	 27.73
57	 0.009116	 88,223	 23.61	 0.005222	 92,946	 26.87
58	 0.009723	 87,419	 22.82	 0.005646	 92,461	 26.00
59	 0.010354	 86,569	 22.04	 0.006136	 91,939	 25.15
60	 0.011046	 85,673	 21.27	 0.006696	 91,375	 24.30
61	 0.011835	 84,726	 20.50	 0.007315	 90,763	 23.46
62	 0.012728	 83,724	 19.74	 0.007976	 90,099	 22.63
63	 0.013743	 82,658	 18.99	 0.008676	 89,380	 21.81
64	 0.014885	 81,522	 18.24	 0.009435	 88,605	 20.99
65	 0.016182	 80,308	 17.51	 0.010298	 87,769	 20.19
66	 0.017612	 79,009	 16.79	 0.011281	 86,865	 19.39
67	 0.019138	 77,617	 16.08	 0.012370	 85,885	 18.61
68	 0.020752	 76,132	 15.39	 0.013572	 84,823	 17.84
69	 0.022497	 74,552	 14.70	 0.014908	 83,672	 17.08
70	 0.024488	 72,875	 14.03	 0.016440	 82,424	 16.33
71	 0.026747	 71,090	 13.37	 0.018162	 81,069	 15.59
72	 0.029212	 69,189	 12.72	 0.020019	 79,597	 14.87
73	 0.031885	 67,168	 12.09	 0.022003	 78,003	 14.16
74	 0.034832	 65,026	 11.47	 0.024173	 76,287	 13.47
75	 0.038217	 62,761	 10.87	 0.026706	 74,443	 12.79
76	 0.042059	 60,363	 10.28	 0.029603	 72,455	 12.13
77	 0.046261	 57,824	 9.71	 0.032718	 70,310	 11.48
78	 0.050826	 55,149	 9.16	 0.036034	 68,010	 10.86
79	 0.055865	 52,346	 8.62	 0.039683	 65,559	 10.24
80	 0.061620	 49,421	 8.10	 0.043899	 62,957	 9.65
81	 0.068153	 46,376	 7.60	 0.048807	 60,194	 9.07
82	 0.075349	 43,215	 7.12	 0.054374	 57,256	 8.51
83	 0.083230	 39,959	 6.66	 0.060661	 54,142	 7.97
84	 0.091933	 36,633	 6.22	 0.067751	 50,858	 7.45
85	 0.101625	 33,266	 5.80	 0.075729	 47,412	 6.95
86	 0.112448	 29,885	 5.40	 0.084673	 43,822	 6.48
87	 0.124502	 26,524	 5.02	 0.094645	 40,111	 6.03
88	 0.137837	 23,222	 4.66	 0.105694	 36,315	 5.61
89	 0.152458	 20,021	 4.33	 0.117853	 32,477	 5.22
90	 0.168352	 16,969	 4.02	 0.131146	 28,649	 4.85
91	 0.185486	 14,112	 3.73	 0.145585	 24,892	 4.50
92	 0.203817	 11,495	 3.46	 0.161175	 21,268	 4.19
93	 0.223298	 9,152	 3.22	 0.177910	 17,840	 3.89
94	 0.243867	 7,108	 3.00	 0.195774	 14,666	 3.63
95	 0.264277	 5,375	 2.81	 0.213849	 11,795	 3.39
96	 0.284168	 3,954	 2.64	 0.231865	 9,273	 3.18
97	 0.303164	 2,831	 2.49	 0.249525	 7,123	 2.98
98	 0.320876	 1,972	 2.36	 0.266514	 5,345	 2.81
99	 0.336919	 1,340	 2.24	 0.282504	 3,921	 2.65
100	 0.353765	 888	 2.12	 0.299455	 2,813	 2.49
101	 0.371454	 574	 2.01	 0.317422	 1,971	 2.35
102	 0.390026	 361	 1.90	 0.336467	 1,345	 2.21
103	 0.409528	 220	 1.80	 0.356655	 893	 2.07
104	 0.430004	 130	 1.70	 0.378055	 574	 1.94
105	 0.451504	 74	 1.60	 0.400738	 357	 1.82
106	 0.474079	 41	 1.51	 0.424782	 214	 1.70
107	 0.497783	 21	 1.42	 0.450269	 123	 1.59
108	 0.522673	 11	 1.34	 0.477285	 68	 1.48
109	 0.548806	 5	 1.26	 0.505922	 35	 1.38
110	 0.576246	 2	 1.18	 0.536278	 17	 1.28
111	 0.605059	 1	 1.11	 0.568454	 8	 1.19
112	 0.635312	 0	 1.03	 0.602561	 3	 1.10
113	 0.667077	 0	 0.97	 0.638715	 1	 1.02
114	 0.700431	 0	 0.90	 0.677038	 1	 0.94
115	 0.735453	 0	 0.84	 0.717660	 0	 0.87
116	 0.772225	 0	 0.78	 0.760720	 0	 0.79
117	 0.810837	 0	 0.72	 0.806363	 0	 0.73
118	 0.851378	 0	 0.67	 0.851378	 0	 0.67
119	 0.893947	 0	 0.61	 0.893947	 0	 0.61
