4118600	2354.8776
860700	4493.5315
31100	23379.505
1137000	1187.0642
331100	3327.0813
11400	26537.788
1.42e+07	113.68947
122120	37612.858
2.59e+07	6742.3786
23200	34144.093
1.01e+08	138.84409
3400	26672.834
567520	28833.69
15040	25074.786
279501	30359.872
124070	38593.936
3.81e+07	94.379019
2410	24110.971
4405860	108.82589
377000	23820.622
50100	23299.118
36200	30337.432
93780	42890.48
459400	26576.143
70900	37740.147
0	36122.984
41990	38645.991
842250	4432.9415
1977000	21722.511
85600	38327.605
27440	22733.967
1187600	3809.9717
0	54093.133
28520	35477.301
177400	39765.846
23050	24198.635
117300	36409.472
-10850	44544.425
754260	33161.936
1.45e+07	103.13069
60500	49377.297
3022	55002.885
1588640	14789.14
222400	29970.08
17070	43359.288
25300	33483.265
1.07e+07	1014.9184
9049800	11485.27
781900	15648.929
1034000	30775.583
-1500	43404.678
35000	35981.634
158300	40781.828
1.24e+07	182.72442
102500	62384.152
0	27949.633
13700	33624.388
1005000	45026.686
5900	38025.819
2.13e+07	90.331541
321400	34396.789
125750	37000.523
14500	25299.875
10300	29581.236
1334550	18767.009
-17700	30726.8
1504200	29574.721
72310	40992.039
329200	38868.946
1.11e+07	1014.9184
880300	619.11213
453530	31586.324
332700	42813.71
532800	3396.2501
2.20e+08	146.78254
0	20640.294
1.15e+08	138.84409
6353300	4963.6777
5800	32398.674
167000	38375.44
104900	32673.416
98820	39417.025
4783400	6200.9733
9.97e+07	103.70098
187900	3327.0813
87200	33181.898
1.72e+07	2003.2497
1131600	5669.3236
834300	32154.542
495320	33943.039
1600	26046.325
-4200	46028.238
115350	26960.295
2569000	6478.8198
248200	37678.688
131660	44211.334
-7740	18605.103
82140	36401.861
77200	41062.045
112030	32648.097
450750	31942.453
9050	39197.918
5861700	9799.2579
1.09e+07	98.707894
67150	34649.831
345400	5154.9933
2554500	1110.5348
294210	22087.635
6.41e+08	4.5087095
46100	21124.038
103749	23233.925
34700	33760.154
18300	40079.608
-13980	27203.725
310410	32200.943
346370	32154.542
4690	36124.913
244820	29166.095
35900	36795.446
65700	24852.492
489590	28388.574
549800	47638.106
9108000	8578.2095
1950	17536.26
165900	38977.622
6.80e+07	131.12722
79000	20886.585
222201	23896.284
41460	25477.734
258800	25678.874
491700	27907.739
1721500	3362.6874
837000	5154.9933
2737800	6200.9733
2734000	5527.6149
567750	2949.7909
830200	47638.106
149720	30863.408
93300	34829.957
654600	32392.473
37840	19609.107
1.55e+07	1719.3463
51000	8029.8495
398950	39360.567
30900	28964.313
81000	33279.703
354600	36661.678
61700	26100.199
31420	26802.636
1077530	3172.0384
3243000	6200.9733
686600	28566.186
1680600	62530.53
4100	41590.827
1216190	2576.2865
47300	39587.855
1500	44208.585
212430	37120.91
142700	54227.816
11720	34272.495
25200	24188.032
2150	33459.449
16690	44336.584
1.21e+07	103.13069
1083880	2691.722
-8700	20846.804
5200	27932.444
1242600	3901.0233
-695	34271.11
306360	36532.483
1.42e+08	86.837838
145450	22294.454
849850	37642.33
-8300	32548.753
9600	11980.535
10640	25178.589
240500	37096.74
274850	9104.768
167230	43840.363
1391300	4193.1944
171250	39383.396
7519200	7722.8634
33500	33480.467
30000	25336.515
1398000	14347.503
492070	37575.909
5211700	1536.2749
2547200	8578.2095
6100	20496.176
87300	26023.723
75690	54493.283
3060	29694.505
-2500	22306.248
4649600	181.51375
46810	19366.812
2694200	14624.64
2850	17815.06
10900	29763.657
28700	51717.825
2210	40876.916
676000	45512.833
500	29820.467
337290	28351.73
600	30957.467
32400	58560.854
-15400	33369.547
1010	28436.309
273640	30622.06
688800	35221.412
24020	52498.497
86850	31218.44
5925410	11561.875
16250	36408.829
65700	33369.547
54000	40020.696
87001	40278.296
34600	43319.416
178500	38587.374
101900	42800.539
58900	38186.902
6000	25653.97
495200	41814.836
8580	32715.974
2480	30583.882
3800	37438.447
3.67e+07	132.24344
33320	36872.407
65150	19569.43
42980	50300.747
3900	26374.466
1700	35241.203
66240	44371.198
2000	21164.892
15250	31733.268
3.44e+07	133.58786
182300	25415.907
568700	28466.389
156000	32128.68
12570	19836.413
2932000	11485.27
266900	1897.3423
66100	43051.997
1283100	7482.9926
653100	34706.769
13600	56617.395
137200	40133.014
1002700	28552.234
10000	37069.868
2.12e+07	1345.6138
43580	29012.61
8177700	108.10484
62000	37507.925
1196000	66232.416
18830	31986.903
15900	32779.625
276550	36028.977
1452500	8389.3181
1.40e+07	2056.9014
7.16e+07	99.253726
157550	38289.592
1783000	6511.444
334900	60526.889
90800	38289.523
170400	46217.785
307800	35788.418
1200	18823.263
544600	47638.106
1341530	16316.799
864500	3513.3591
1.19e+07	154.86794
284100	4253.123
51300	56137.476
4230	28935.073
1006290	9880.2301
-8599	29668.061
334050	26980.595
5819000	1160.2944
2210	30916.586
56501	35106.627
281160	35988.638
348500	12653.021
10550	29031.819
648100	33330.453
523670	8612.4506
6134000	1642.3274
116680	38493.652
245300	32949.798
2.50e+07	153.86341
112380	25871.383
2118400	10638.478
32900	34698.778
933850	26423.801
2.44e+07	139.8045
2014000	6757.5417
77701	33791.765
144200	29313.315
92700	21818.766
20100	29002.325
4427890	11561.875
37530	39904.27
879600	13642.035
200	46022.291
243650	31397.955
-3500	20665.137
2.04e+07	126.36302
36600	24330.888
245540	43468.029
892850	3327.0813
1114200	16007.181
2.84e+07	167.21843
-7100	38480.117
0	28963.816
100	17995.909
6976100	4750.8086
1650300	10943.372
3.52e+07	94.535202
2554000	6200.9733
617000	35868.234
2000	32243.437
4.68e+07	125.50378
323600	33416.478
129250	36386.61
1576100	2576.2865
1700	33481.828
543400	41999.978
3022150	1866.3314
51500	33010.932
237980	47638.106
11450	26257.704
97000	32320.605
68621	57746.756
773900	2823.288
384620	30159.474
70700	1039.3997
370000	41814.836
53600	36497.982
7.17e+07	103.70098
202540	41860.897
3740	33954.892
264500	40698.519
47900	36071.333
68500	37925.719
57700	30188.211
209200	32575.947
1021800	10458.596
1419600	9539.1757
1.99e+07	94.379019
186000	1655.0338
-8100	25158.449
-1040	28944.545
310800	32618.589
37500	35916.75
-28560	29353.87
-590	19763.399
1500	5478.9326
115600	51732.84
1308000	66232.416
2518200	10063.117
2400	30837.274
595100	3639.5061
476600	32407.648
632300	23924.107
1180800	18793.779
2.81e+07	74.719152
-16100	35679.824
-31300	26490.169
1.09e+08	199.02379
483200	31104.797
1.78e+07	6742.3786
880700	28835.863
324600	30775.583
270600	32461.624
109000	47638.106
359500	30407.604
38570	27788.558
179020	37640.595
78960	30004.688
746000	30907.25
620590	30008.776
87680	35404.977
321800	28423.787
6000	31822.659
2000	29484.413
4033600	1564.7193
122220	26658.865
22100	28882.984
44340	32629.068
154900	34503.537
-1900	19702.531
139450	27896.686
0	16969.015
1684110	3513.3591
-43160	36378.831
144725	33593.796
8000	28140.207
50200	26937.396
6449000	5775.2903
1.59e+07	5285.1991
8050	21934.269
4930	29378.312
17000	23210.267
74300	36797.926
3.90e+07	82.555295
-2200	43542.994
429610	41096.878
-9900	29694.505
71990	25895.932
22500	53013.911
1.42e+07	3913.2945
12300	21979.937
2756300	15830.295
2036680	6340.0662
20970	24756.102
2200	20468.088
353000	28003.47
961000	36816.438
10500	17469.041
1872690	18219.667
90860	22278.781
5795000	8210.3299
3.50e+07	105.27766
21700	41217.889
8.12e+07	146.78254
1.85e+07	1606.0276
9263200	7367.9794
47800	36722.382
93200	25534.893
3279900	542.85421
46780	30230
3195900	1288.3214
1.33e+07	98.000477
69300	40957.778
512000	28890.983
309100	35263.323
103400	33356.925
2.01e+07	89.684156
36720	37651.476
2009610	4941.8656
6900	26537.788
189100	1588.5886
153600	30379.049
127790	46378.323
1669000	5457.0651
221000	56514.883
994000	1749.631
286200	36581.905
177910	48559.656
17750	27954.21
204700	40278.99
630200	25525.079
1603500	18701.311
1616200	13547.595
16000	24894.072
38530	37047.764
341700	4175.2527
214200	30254.975
329190	34900.795
53180	31272.915
682700	31295.471
183300	35546.152
263650	40640.742
-5930	18445.237
337830	3949.4423
1336420	12630.24
94900	34694.539
1742300	4703.9975
20420	28448.77
6129080	1564.7193
7610	39941.237
1271500	17289.709
-6400	35405.453
188800	27620.024
45820	33432.075
-1700	20440.503
1.45e+07	110.17685
152600	38977.622
3.91e+07	99.089747
1.15e+07	1118.5512
1.18e+07	11485.27
6200	37231.533
10200	31374.718
2.26e+07	94.379019
284550	47638.106
13200	47946.702
11780	28403.091
260220	43768.861
44740	41013.277
116300	32241.606
79900	45760.015
910300	19998.677
34300	37483.204
122800	25723.864
26000	54431.116
120520	42791.101
2304000	7427.561
5400700	850.82418
6100	20625.293
1097600	3809.9717
10700	23450.688
9940	47435.666
7610	31326.892
-24000	25765.86
3902000	7240.9579
-4950	23072.733
3.56e+07	148.07614
100	23863.889
239920	27751.432
80300	39467.826
784000	30945.216
1.27e+07	141.72584
96250	31884.796
1319700	66232.416
18900	20629.893
1152150	3362.6874
1216180	2576.2865
80930	33739.692
94000	40566.073
132650	41232.33
32750	33677.88
27300	37016.945
8621100	6443.5736
44260	37882.129
3150000	4963.6777
90100	46217.785
7.26e+07	99.253726
2586500	1346.0471
1053600	29545.167
1208550	20561.419
572200	2823.288
94700	63745.398
6860	36737.53
5541000	1346.0471
9.20e+07	184.373
84250	31823.589
45800	21779.587
8819500	103.13069
747250	30430.272
573250	31698.623
4.69e+07	140.25562
251200	34869.164
98600	50733.508
445500	2823.288
36580	30957.665
132030	34650.024
9700	30515.427
244000	41175.474
-350	31265.256
1023400	31792.638
163700	35313.139
218100	38970.567
150800	41685.794
-25290	33877.886
710200	26788.396
238300	45987.506
13061	31211.797
1.12e+07	1480.1985
4260	27893.219
356200	3949.4423
36280	38760.06
126520	42438.412
42200	22639.787
263500	33959.99
64400	42236.464
4.04e+07	1122.8783
125000	34912.217
51950	42731.354
678050	47638.106
25000	47471.972
2300	26155.823
-93650	19289.607
8.27e+07	99.089747
1.19e+08	110.53237
104600	34333.081
320800	56999.655
182400	33618.081
38000	54697.076
157200	37906.77
1.82e+07	1522.5246
-8500	21549.682
-460	20877.072
4200	36639.655
12100	41406.546
2365470	2056.9014
5999350	5849.4065
356260	3476.1576
12350	25922.635
150800	47195.761
15470	29509.498
292700	2279.9732
74020	25641.444
8520	24082.989
398200	31942.453
1427000	19442.695
14120	32066.746
-1510	19283.114
3539050	18067.484
8460000	9357.0946
1247600	20412.5
9.65e+07	103.70098
8620	22306.248
1911000	16489.005
4250	33273.78
80400	39619.297
12300	24939.834
2180	22710.323
2.31e+07	126.36302
288400	33172.051
303800	30453.231
4389700	8210.3299
166300	36955.16
242960	36276.245
950500	32983.333
-6060	33256.061
380700	28518.052
89300	22719.537
355500	3850.2024
7186300	5598.5526
359180	32200.943
800	23297.424
5.30e+07	155.46705
86520	54690.519
399120	38313.838
47100	38504.815
0	20236.471
4781800	2595.3328
72800	44279.683
790310	38910.563
2762900	15830.295
197090	24351.018
1178100	5669.3236
393000	36701.192
414450	29396.171
426450	37377.642
11580	36208.983
331100	5669.3236
1162500	5669.3236
1.10e+07	10238.332
14700	18096.865
14500	50897.406
5631000	1118.5512
1.76e+07	119.53733
0	29485.228
16340	41680.648
168330	29788.843
409020	47638.106
98500	29629.68
77900	57746.756
4951060	1642.3274
3556400	8210.3299
5400	39640.152
106310	27759.293
80	33750.635
-1500	25328.604
12600	30344.33
330400	26803.342
3220	22908.753
42530	36722.382
18790	41972.188
56220	37055.23
3547400	1470.3912
-490	28912.408
306080	26099.758
110050	41599.393
40520	24575.554
7370940	129.75644
26560	35150.855
1.76e+07	124.89343
453400	3212.2342
1006150	28986.94
4843800	14491.748
3.00e+07	167.21843
220	28546.19
2.91e+07	98.771034
2712750	6860.0752
1263000	20285.269
130130	25733.189
32850	40587.58
9208300	9799.2579
35300	33865.606
515000	4175.2527
517550	27665.99
3747200	1802.2075
6396150	1393.9404
225010	38687.879
-45250	30865.822
-2380	25193.194
887850	17897.6
2.63e+07	1345.6138
575770	25514.908
1737200	2576.2865
2864790	1168.67
38000	22143.88
43000	46641.983
-13100	31883.094
446700	32658.114
12610	34702.792
-300	21123.426
1830	46334.036
151900	23322.121
2682600	7025.7892
8719520	5775.2903
11100	25067.884
212630	55361.894
10000	22781.368
135000	36635.927
-1000	35454.152
966840	32983.333
15900	28468.618
2916950	18219.667
1.14e+07	1833.587
-1730	33029.448
4348900	2070.6207
4478700	113.70204
6300	16385.647
66850	30924.457
19720	28282.486
595600	1942.6855
5300	24320.614
128400	61461.953
9.08e+07	103.70098
598000	5510.9547
102600	32301.149
762850	29030.748
5350	22128.896
1027130	5449.7314
3960	55274.796
9554200	5775.2903
295100	40436.598
131520	28668.532
159000	60414.915
76300	31342.925
563600	29092.068
243800	30417.598
9462070	1833.587
312900	45159.193
1309130	4972.9498
841510	20697.247
2512130	7248.0535
136750	40498.436
4.89e+07	94.160549
1135600	15386.642
110870	24699.383
4450	21851.576
7.04e+07	132.67016
10090	25679.869
3.73e+07	1606.0276
7900	36408.829
356200	28399.817
430030	31220.362
1.31e+07	107.92997
6507000	138.08054
160460	60414.915
230300	30720.044
3250	29319.656
1.48e+07	1564.7193
247151	29274.122
79480	20986.281
407500	39989.925
540680	3850.2024
63410	1092.5813
6200	35466.453
531570	32493.479
6080	26711.342
-14400	38241.935
73400	23048.779
46820	22477.767
1349100	66232.416
54820	51005.878
1780	43255.961
1372700	16085.819
12300	24788.932
330720	33439.187
1.45e+07	198.2575
9130	24166.157
81100	33755.003
88000	28930.902
620600	28093.181
30300	31639.179
2310	30886.151
130430	30245.407
5854550	9113.0614
314610	54479.937
296040	46745.129
3.10e+07	90.331541
-2000	28677.699
1399600	4941.8656
233880	32026.887
44730	49170.84
1712200	4247.007
203070	59126.123
61710	8591.4881
67900	51343.127
19500	24403.993
45920	41680.648
-46140	27847.399
1500	24932.141
325000	28913.329
130590	44918.764
446700	42202.774
401680	34418.257
37100	32944.807
51140	28273.911
2600	33943.806
2800	31307.208
2067200	10454.532
336300	2949.7909
980	26930.608
997570	35990.153
1208570	13251.215
127570	7995.582
896000	45852.576
4553500	8279.4854
-29350	24531.728
646200	45205.751
75200	29842.717
745530	40863.965
11270	32555.816
590260	29995.342
7760	41370.337
167050	57853.785
-7600	5478.9326
1603300	64568.156
4330000	8735.1648
1607200	15522.939
88000	32944.765
7066700	1168.67
85800	33390.001
442500	33678.422
170270	23932.497
209200	25627.377
2934000	1160.2944
9349600	1470.3912
1129900	3850.2024
795180	18466.3
13870	39143.729
206000	52356.023
169800	36635.927
-76880	4608.4346
1800	18993.5
-14090	21111.69
135200	29686.88
41700	21958.254
-26549	23395.269
32950	39493.526
507550	3476.1576
53230	17725.104
128400	41414.463
1800	21694.68
20050	25444.638
1803400	16560.101
427570	3685.0851
47300	38211.938
43030	29001.48
43250	46764.252
64700	38305.492
1181000	2997.536
1080	30071.67
2.95e+07	2375.0929
2.45e+07	2375.0929
155900	39772.5
165100	47638.106
39950	23832.559
-37710	30787.304
1.11e+07	145.97533
2.06e+07	124.89343
4619440	1564.7193
533000	1794.7282
2.34e+07	176.77919
374800	32553.535
159200	56238.857
97850	33921.898
-37699	25697.208
353200	34342.165
2600	30466.774
89580	40540.828
2043900	12320.061
11250	27779.684
647300	2420.3112
5343810	1470.3912
172900	45374.24
161770	22363.82
58770	50605.92
831300	35491.411
1800	12201.26
143280	36880.582
5510	11113.362
1637700	17523.352
4610600	18219.667
5.09e+07	94.840248
613200	47638.106
1762800	10236.709
40400	22375.056
3558000	10238.332
-500	32828.828
148350	52558.611
4678000	10063.117
170600	30285.55
503900	5154.9933
5.09e+07	975.1511
1155500	5923.3485
1598160	54034.603
2364200	9770.7112
1.05e+07	2056.9014
71220	38592.653
409870	1347.7342
37800	34469.181
2366000	16539.601
5.93e+07	110.53237
3219000	2595.3328
155200	25098.777
-60400	30754.603
379380	1194.9014
95660	39737.579
6430	26977.811
22540	36832.175
136000	48610.566
4.98e+07	99.089747
-11900	43542.994
76800	21994.114
466000	27634.521
127405	29965.64
194500	30206.343
13100	41149.083
3152000	9799.2579
6130	25461.477
27580	37744.588
31865	39890.428
4300	23400.113
5158000	1288.3214
133150	40456.702
407100	32169.902
-63880	33433.774
1880000	10351.521
88920	46668.192
29080	30598.195
1.16e+07	113.68947
1250400	15338.38
536650	30880.446
50100	30350.896
2110	32466.587
8630	42563.473
1.44e+07	1564.7193
335100	27925.767
908000	18603.762
1160500	2399.4302
-5900	30552.574
292500	23578.379
297200	34638.818
0	24745.613
15620	29841.903
9150	26842.171
885500	4972.9498
60300	45349.277
40650	13252.441
892250	32570.762
192080	40138.668
-33830	22942.794
263200	34656.321
2750	36567.861
360270	35787.044
30220	52469.383
113400	37819.245
889800	26848.558
2707100	6606.5184
6.73e+07	122.28991
1.92e+07	176.77919
591670	27691.265
9905500	2454.9693
-7380	41207.248
430000	33987.714
431940	1194.9014
62100	35083.18
2698800	1168.67
1.03e+07	1168.67
643300	35135.428
724500	26803.342
40800	31554.584
5450	38275.902
173250	35057.685
12050	20403.594
963400	34081.07
1.24e+07	13707.99
533700	30405.093
2199000	902.20125
8580	39821.112
749700	19701.296
17440	29167.497
423300	33105.476
253300	28043.881
255250	38970.567
117500	40919.689
627700	3212.5705
640200	32983.333
689000	29005.85
13660	40908.508
9000	34100.085
11410	32856.935
405300	36025.377
27500	35511.053
19110	20772.215
14950	23188.87
73390	26943.505
4462890	6478.8198
404300	3949.4423
306000	30947.016
260300	30211.678
2720	43210.583
-38700	25847.99
132800	44772.529
89400	41046.287
1450	44376.88
768900	3036.0044
9600	29112.697
-3160	24744.896
6100	31111.379
3317000	18219.667
289400	1076.2823
-25700	29145.598
103300	60232.028
682400	42778.204
43000	29224.319
-21100	39429.095
53100	23966.574
27100	33091.168
1949400	15411.465
260600	32198.728
126710	30995.052
-5400	35556.981
-2500	31272.915
9000	33230.079
952300	33060.913
31800	33168.8
399020	39991.358
8760	26277.725
318230	1143.6576
185700	34829.957
965000	3685.0851
2200	31520.133
44100	26220.976
2.27e+07	98.771034
5051	18848.586
39800	12027.114
1707330	16181.908
0	47808.324
-16000	35115.287
37430	34224.629
48520	41599.393
3351400	182.72442
17900	17910.968
426700	30876.654
1912600	9113.0614
66250	42835.94
111400	24303.282
390400	32004.292
4400	29776.578
3723150	1728.7296
-15800	21123.426
218500	39322.403
14801	24651.125
27450	39650.938
181600	32698.14
7577750	8735.1648
142200	54479.937
1.30e+07	1663.7068
85300	28607.863
1.45e+08	791.22578
21800	25053.199
10500	47393.629
344800	43619.43
1971600	4703.9975
349950	30227.063
27000	34390.225
8341000	2070.6207
284200	29273.248
9961000	10238.332
115630	35184.258
9507030	1564.7193
161000	35329.682
51100	36141.898
338100	31109.268
20600	26318.98
2122300	4452.3289
619200	2823.288
3793000	2070.6207
97000	45069.881
15000	39757.932
2726500	7516.0205
-6995	18636.981
2.92e+07	94.379019
250	33141.691
-1400	22030.163
-1400	27138.756
5000	27195.53
645750	29615.431
485000	24147.205
671400	27940.247
-2000	28579.352
4088600	8470.4806
11460	44066.464
17630	39185.199
-6150	43296.104
26920	20689.302
80210	27839.101
226570	32983.333
81700	48910.247
-17330	11250.212
148700	28376.423
70100	57001.04
8700	50297.432
193570	45215.065
4320	29057.529
18200	41334.379
5.82e+07	110.53237
39200	44308.048
-5900	39534.665
263850	41091.289
63650	11682.918
-1900	21606.635
3000	21484.89
-2600	25290.662
45600	28715.093
5700	22870.499
48900	32153.48
362800	28744.183
2.58e+07	132.24344
1.19e+07	11485.27
229900	28625.717
2600	26417.713
74580	36148.655
150420	34289.813
-10600	32119.921
11800	28687.498
229900	29670.77
1905700	12695.307
223915	29313.088
509330	32812.64
598300	45512.833
173300	24489.625
378800	17647.636
7300	25553.852
65990	11113.362
-33245	25847.99
50420	37186.628
2296000	1110.5348
327110	27231.055
288950	33755.003
157390	11033.665
305140	33300.097
1800	19466.419
2680	17803.608
706900	1511.9114
333750	39481.252
958250	26411.626
5.12e+07	146.78254
5.65e+07	110.53237
3932450	12748.083
2550	25511.437
54450	27868.361
306350	32866.207
62650	49820.664
490400	3850.2024
563650	47638.106
300	24475.145
181100	43617.63
1.15e+07	1654.1825
1.07e+07	9886.5015
2.11e+08	11.165979
160900	51456.142
182700	35517.301
282250	35291.403
2259300	66232.416
4180	31340.365
498200	22607.514
2.01e+07	167.21843
1350	28642.818
18950	24586.813
81800	35923.753
1.73e+07	167.21843
12000	51454.599
35100	39308.916
66900	35306.02
632230	32525.117
9100	42216.839
7870400	2227.5186
6500	24192.276
68110	36182.607
1888400	3362.6874
1017250	47638.106
9800	24657.509
262400	32957.449
767000	30775.583
4000	19893.283
474930	1885.319
2085700	7539.7624
156600	38780.02
6.77e+07	1074.7233
-6300	35556.981
1.75e+07	2375.0929
1.79e+07	1231.8215
11200	23975.477
11100	33822.623
700800	2823.288
3196800	16454.831
1735000	4432.9415
319340	56979.537
1.16e+07	1754.953
4521	30894.233
26200	26267.302
30850	38045.358
5150	36371.151
25100	25426.489
403400	3362.6874
129500	28734.992
7350	23904.032
1221500	17384.185
3017210	8374.4672
3170	26611.426
8000	16995.537
406500	42273.046
5800	23952.529
7270900	6200.9733
9.15e+07	146.78254
19925	36066.315
579400	27044.007
14300	25085.061
45750	24932.554
2130	29975.897
36900	43036.085
16000	31501.432
131	20579.333
222700	44076.55
1070	21975.039
300	31003.003
70400	46775.662
-11980	17733.848
128650	27408.094
2017750	1470.3912
2000	15444.657
1718800	20089.638
1	22344.508
5799960	10238.332
147700	38198.646
14550	6193.5519
195500	29848.306
148350	24943.298
181400	35123.201
44000	30927.273
124500	26818.516
4908800	16454.831
-27150	31967.713
-500	37767.784
-1090	35386.326
384600	29636.505
8231900	82.237159
-59800	29271.977
45500	33720.165
951000	32844.651
757110	13843.058
44400	49503.614
78560	28037.374
3159000	1592.3581
0	23942.071
282850	33552.983
637400	3442.6705
2.27e+07	124.06592
5000	35610.136
143700	26852.579
14000	35369.561
9.32e+07	20.86929
1370000	1110.5348
352000	20138.9
187700	29259.684
610400	43513.599
71900	20930.459
4563400	14685.235
614200	26672.967
6373000	2174.5054
654900	29865.549
639900	29927.75
9106300	850.82418
105900	37503.074
224800	32438.871
56200	36999.725
32500	30865.789
5840	32625.606
54820	36077.908
222600	30340.161
2770	43566.808
7.12e+07	124.67223
156050	33332.648
2261000	1331.2901
100670	37353.709
20630	36513.338
2700	23059.931
4128000	10238.332
66900	40479.555
358900	24452.21
-3550	30251.428
26980	34410.543
698200	29672.873
2200	37552.515
-1780	25062.048
124400	37044.023
257890	39812.528
462900	34134.39
311720	26022.106
25210	45652.384
-5800	22925.875
597900	26346.362
495500	27982.799
190310	27051.18
15100	49756.037
248700	35730.179
2.35e+07	1502.9595
-25470	20403.436
5800	28234.988
3.68e+07	167.21843
98000	33873.609
-4390	27977.104
-300	19979.257
243300	41782.323
22400	53871.163
2459000	9126.5607
237250	32903.559
34700	51125.127
3156000	16454.831
1043500	40503.801
28220	51920.844
444000	32118.356
783000	2691.722
53830	53058.53
3130600	18219.667
31001	22026.047
124840	37804.316
129700	32617.956
34020	22210.315
191500	50137.458
235870	43478.264
105000	31682.12
9540	40648.977
2.60e+07	1498.5737
39700	29854.198
596300	27742.85
83000	23807.832
412070	30620.723
2542030	18219.667
1.51e+08	116.85209
1.20e+07	1564.7193
232250	27785.754
249250	43402.833
495910	41661.504
7350	35948.12
86100	36077.464
508600	38259.978
7400	39252.9
120650	44081.684
1.86e+07	1606.0276
2.12e+07	6742.3786
109600	42873.974
504200	32599.967
5400	24157.138
7600	36614.614
6770	19490.184
654350	24634.854
1387000	14515.596
77330	37436.527
16400	30350.896
119690	31662.998
606160	28087.16
11900	32033.659
1357700	4193.1944
8700	21378.894
185700	35455.336
86800	34417.307
0	29343.254
53671	34892.604
7650	32493.97
2780600	113.68947
1449200	18219.667
678330	26238.099
-12600	32580.189
83210	49160.961
882660	8584.5124
1410	26362.471
456450	5449.7314
91820	33531.287
517000	32010.169
42600	35964.641
7048500	15830.295
800	20625.293
280000	25221.132
149200	37550.7
102000	30622.06
45800	35858.567
155400	37990.53
6300	33727.469
-700	35123.201
14300	35477.669
31250	31832.779
102630	29854.198
947600	6878.1995
105500	38849.913
3700	34718.732
439500	21959.513
2450	24115.478
7446100	6412.5362
2600	29974.254
-14570	36158.856
9567940	13707.99
19550	27169.028
1826900	3901.0233
2308200	10063.117
320300	34488.723
249800	34246.201
3343300	1014.9184
1858000	10095.964
2590500	18219.667
35100	19574.021
339200	42580.282
8420	29310.869
4300	47368.643
40510	49692.146
1.75e+07	198.2575
147300	46815.344
54500	21804.053
150350	39451.783
-900	36380.41
36770	28693.022
3.37e+07	116.47624
491200	38026.481
6900	31523.055
323200	34848.119
162440	27171.014
6708540	1553.5053
205100	20459.347
2320	22388.357
59430	24676.343
320200	30474.215
2510	28953.54
-9700	32966.412
-12130	24512.459
5000	29527.914
232300	57853.785
593800	37605.252
532700	29203.784
3824120	2070.6207
200	34894.664
5389000	13707.99
60400	45167.676
1.17e+07	103.13069
4450	27369.409
65640	22891.792
4137300	1288.3214
1119030	23032.851
13500	52017.352
59050	57358.093
1.00e+07	1288.3214
269500	28647.383
5609900	6699.8623
87950	41127.514
18300	21718.615
5070	41590.827
1.64e+07	1069.4966
602200	24682.703
923100	4703.9975
6192100	6200.9733
247000	29433.156
533200	35809.696
268250	34462.36
4600	60526.889
438000	29848.306
0	19887.542
6940	24304.013
5.08e+07	109.24688
185650	32495.449
469300	28707.01
660540	33246.537
-13590	26497.646
84900	38589.631
1683700	1110.5348
416420	37223.66
1.03e+08	14.285229
797200	29817.574
138891	56650.275
98400	37239.751
5040400	2174.5054
38870	5029.8633
2307100	1110.5348
818700	39794.54
1.50e+07	1168.67
165830	37967.038
2.55e+07	6742.3786
84100	38315.982
474700	24634.854
183070	42094.774
2630	41590.827
-9700	29510.237
-5400	21498.021
2704150	7234.2409
1731000	8384.1459
58750	45421.099
1570600	17837.41
1457500	2691.722
2119130	1110.5348
550	37826.703
329800	35114.267
269900	32198.728
123980	40945.023
1.59e+07	1677.9888
737550	66232.416
69500	25885.343
4120	31104.045
467500	32110.443
119900	60120.6
12300	18668.666
7977380	1258.2513
1860800	13705.816
100300	33041.947
-44190	32493.97
6886400	1223.0551
81700	19361.292
693790	27890.308
7084000	1168.67
4100	21085.407
15600	38225.649
-4870	26266.367
61450	23399.65
20900	30948.039
18550	32344.92
-74820	18261.654
3382090	7017.6537
678500	2691.722
-2200	20461.09
1320	25180.597
64875	58838.086
56490	27136.88
2973000	1536.2749
10200	36039.49
32000	27428.071
1644950	5669.3236
2.60e+07	90.331541
1123300	47907.088
186500	29935.077
63900	31883.094
405500	29220.096
8000	23827.36
2.27e+07	1677.9888
8886000	1168.67
233500	2823.288
2306300	4750.8086
162600	33271.214
852400	33670.733
237600	47638.106
7663000	7697.7117
23700	35737.275
619100	32131.616
-580	35039.99
106500	50140.428
270200	32169.902
36600	36337.318
-2100	35832.552
461600	34181.174
73000	34782.596
1.98e+07	94.379019
432800	18730.438
6000	28175.152
164850	30206.571
341870	24354.229
1427600	7399.8613
0	27579.441
17590	32165.64
98050	45666.455
97100	40227.528
2340	32617.004
84500	35981.302
3300	22853.284
332780	32983.333
6500	19111.892
4.65e+07	140.25562
355100	2342.5616
3200	28613.585
20050	39906.853
3980	44752.297
17200	23316.899
1.90e+07	1415.2838
1787000	11894.786
1.12e+08	99.253726
138700	52181.127
7156000	1118.5512
151300	44300.833
-18110	21484.89
5287500	7164.0387
628470	47638.106
951800	66232.416
75450	24051.208
341260	31178.204
885400	36219.743
295040	24634.854
-160	32823.245
8650	20134.316
-399	23107.332
39000	51100.02
9200	17137.332
391300	29408.969
2485100	14257.159
15900	23425.467
1219800	16604.263
100	42484.319
1068200	21394.042
144970	47167.759
8620000	2070.6207
1580400	14489.45
23620	40264.912
3105800	1553.5053
5380	23907.36
780	22915.015
254500	11762.082
1137900	7731.4263
2456600	7942.2721
304700	34255.573
320	31272.915
-500	28266.033
3296500	9113.0614
362700	31022.479
612600	21627.816
10510	40020.696
2057590	18219.667
122700	35311.796
4870000	1905.2492
42050	22904.89
12600	32910.741
166600	44641.126
5330	19274.172
517200	34410.316
44510	40397.828
522100	32004.292
11400	32774.338
125300	30927.273
1046900	28787.777
222200	37581.32
124000	56397.529
24730	40224.385
-4370	32946.42
1.85e+07	1431.9372
641500	27954.638
1620500	2691.722
528150	47638.106
1374800	19505.148
394400	38809.064
6800000	18219.667
47200	60430.737
365280	32161.987
39670	42877.343
5668800	11485.27
8680	19154.075
1.08e+07	7725.5989
1207500	698.63581
9254000	2174.5054
16970	30407.72
6000	20718.626
24900	32153.879
13250	25158.449
396190	25609.286
514700	32983.333
42600	30259.333
151000	31077.515
231940	31942.453
526300	27714.925
29500	18976.77
13300	4348.3685
22570	20775.51
8970000	1118.5512
1550	39572.996
159400	1511.9114
134500	24594.281
8318500	1343.0595
13400	32250.179
56770	30920.852
700	25195.099
290020	26917.648
-7940	25193.194
45900	37805.831
-550	47604.504
7.32e+07	99.253726
41300	33170.275
134000	34482.183
-4800	25745.916
6006000	18219.667
9600	23832.28
10020	27576.866
57500	42532.513
49800	39650.938
7800	24817.578
21650	31535.041
68900	31801.195
140100	31674.409
4220	24679.968
2759000	18219.667
0	31765.319
2518600	4750.8086
107900	38218.679
106650	38308.18
32400	29826.24
142700	38760.195
1031000	47907.088
706000	760.59816
17050	33643.681
-1020	29295.195
1.58e+08	14.285229
5900	15480.475
-13700	34496.906
-18900	26481.452
43910	28010.344
7650	32270.881
2.66e+08	22.325207
54900	45769.827
157030	29350.549
7800	25469.634
21200	19421.962
3700	35364.202
416000	45539.764
-2040	28529.56
17420	28960.553
2750	30207.916
654520	25497.716
165300	37436.527
13000	19001.547
-14169	31138.372
25230	13252.441
160130	39920.368
936700	29804.374
4000	34291.954
669300	40369.608
4100	23793.036
1290650	2296.5298
-40040	24471.589
191600	36623.897
565700	34176.602
108910	28275.516
5.53e+07	1018.8446
614000	24634.854
1.91e+08	14.744027
1805300	4452.3289
307000	22723.654
966100	17958.132
1.65e+07	123.36765
28850	35017.342
0	41472.154
35500	42351.231
6470	19657.807
0	48446.749
221340	20972.626
27300	29524.136
97900	37732.909
-2720	42890.093
2900	20593.176
5150	50392.777
519000	26337.453
-19480	35168.071
155820	52037.905
447180	36282.276
1163500	56455.727
3043900	6609.1357
-1600	33532.438
338930	34506.167
232300	36299.088
26500	29803.857
469200	36283.718
38790	42588.99
5.09e+07	94.840248
3354020	1258.2513
4.87e+07	124.67223
3441	18663.411
80400	36415.415
4500	26180.975
360500	37381.07
92800	35510.209
8200	25869.66
1.24e+08	86.397081
1170000	10943.372
103090	20722.773
1982900	17531.735
52000	47855.826
609600	1511.9114
885500	45512.833
780110	22468.684
24100	44218.793
309000	41233.548
3.66e+07	146.78254
155	30344.284
1810	20513.901
1515000	20412.5
318500	62981.63
566100	3327.0813
814900	25356.823
13400	19954.273
-10250	26777.336
525500	29185.269
39070	24231.457
347950	27753.728
4693300	1346.0471
-1290	32709.851
3.83e+08	10.211902
1393700	4432.9415
27100	4820.1841
3600	32557.848
159790	32425.863
7150	23837.906
203700	30687.774
149310	965.67233
5570	21586.072
146170	30837.606
104390	37047.524
210000	47176.969
102330	39825.462
15700	34195.347
131200	41901.398
202200	47790.913
125900	13027.717
14100	27910.951
375380	23723.37
151100	43901.053
5710	23792.878
1.70e+07	6742.3786
85550	52966.177
1860700	6898.9764
7818000	2454.9693
461310	24634.854
82440	45240.814
26920	40781.828
20800	25138.404
70500	38942.922
210900	30171.785
3.36e+08	19.740615
1.07e+07	1288.3214
982500	39075.873
671200	17739.529
238700	39815.621
1484000	18219.667
6.06e+07	94.840248
3990400	13707.99
266600	28526.332
1380900	15233.393
33000	36123.675
2800	30431.647
1.22e+07	8387.2283
1500	24710.625
86080	43922.659
4.92e+07	94.840248
152700	21074.053
61000	41685.027
69630	27912.488
783700	14048.513
41750	29679.096
38600	35529.741
-19250	32140.791
360800	26710.604
33300	29097.054
2800	27179.69
35700	21652.199
3916200	9930.0928
117100	38305.307
1.15e+07	11485.27
6180	27297.788
1269900	842.44076
1.06e+08	140.25562
170450	29938.807
2895700	6412.5362
3089940	1346.0471
165500	32983.333
6.58e+07	91.007514
64600	42091.885
806600	4288.9471
1.13e+07	10823.46
40	44217.069
133300	37473.166
47200	21988.398
67400	35976.753
5938000	5598.5526
1238090	15452.769
3250	32421.969
3061900	5794.3293
79080	31483.731
20300	30379.049
-14900	37973.9
13900	26798.364
32400	43554.882
928600	6739.3701
1269800	1187.0642
1.08e+07	7025.7892
2.99e+07	133.58786
371600	40783.334
74310	28492.724
90200	35455.336
4.49e+07	10.211902
536010	41091.289
262400	24680.056
92350	46709.78
-6100	33553.71
-5700	23808.822
4188000	1470.3912
800	32493.97
7.52e+07	79.014881
5690	25263.275
38700	25534.171
3600	25828.026
1.38e+07	2070.6207
21750	17357.663
7.42e+07	154.63244
-12400	14468.226
23000	28684.041
174300	47638.106
58100	30161.471
102500	31704.07
42500	29905.879
121200	39291.991
57490	34522.272
519900	29876.172
-5550	25077.488
1128100	797.36934
58500	49243.639
493000	26870.718
1864100	9797.7041
1721990	3513.3591
305400	36197.836
770	22660.086
2834000	18219.667
5979800	8210.3299
3981500	8578.2095
1246350	14934.085
359300	23578.379
88180	33252.669
1927700	7732.4722
64750	36786.638
-24580	30496.617
69100	41540.224
43200	19914.942
-1000	37746.41
969500	3850.2024
1161100	47346.732
3.87e+07	132.67016
121070	44901.446
94460	60017.803
4121000	13707.99
2510600	1346.0471
-1880	34190.186
6000	22396.988
-5500	52737.033
47700	21437.165
2800400	98.707894
84940	26574.175
5745480	10238.332
110130	31450.607
3748300	13645.735
3.71e+07	1119.2666
101150	31036.995
3100	27717.924
2546000	18067.484
443820	32852.997
-130	23395.269
3914600	2056.9014
10980	32115.069
223000	26277.563
581100	22877.262
6912950	9490.8462
5300	22026.047
43900	22952.528
124400	39184.255
-3930	33348.837
1602500	4864.4871
35740	30754.603
3036500	7732.4722
79600	36476.302
180700	33054.179
1106200	66232.416
136040	41334.379
567500	29689.576
507700	32983.333
140700	38387.293
1811560	5769.0743
2782770	18219.667
908270	4275.034
142900	39452.039
-5800	30200.498
82240	7710.4257
154300	33985.538
344800	28952.188
461280	31680.133
223550	34889.372
-1580	42813.841
366700	22722.599
46630	27281.468
567240	40817.846
1300	30926.06
543000	28515.341
150200	32261.158
999800	2576.2865
69730	37612.858
26790	33349.947
261000	25788.018
187100	56299.281
128080	23215.109
230300	33175.669
184400	27522.484
-500	22146.403
2661000	7406.0902
1125000	2494.3748
462600	33451.082
15100	35412.374
70300	38512.282
9200	26925.447
2043800	6716.0331
70400	45099.724
1012600	2235.9079
14300	22991.642
270700	3327.0813
57600	31864.778
-5229	33810.171
-830	32138.825
413000	43502.166
221380	26185.118
24000	31926.531
152200	61258.928
1908000	16657.145
45440	46357.255
13820	38693.825
1.80e+07	1373.5556
1.39e+07	2189.0091
-4070	39104.774
784865	34869.164
20400	33250.305
757000	1807.7013
40200	55780.839
52600	33490.819
949000	4703.9975
7472400	8635.4251
4747000	7752.4875
46150	39750.568
117800	41240.567
-27100	29709.845
2.76e+07	1415.2838
2720300	1141.6755
701400	31035.595
1.33e+08	61.350408
1.24e+07	1470.3912
8133810	98.707894
2.60e+07	1069.4966
407200	32983.333
105600	39946.297
105820	33104.539
73600	39943.988
-8230	32340.867
7839800	1802.2075
9500	25205.326
2.04e+08	104.56179
123650	37014.609
2477900	18219.667
406600	40389.079
201300	30312.838
3670200	8461.6639
319720	33345.561
355010	1282.9747
2.68e+07	1354.5889
20500	20319.252
76000	29344.594
232000	31194.532
2650	30218.338
1661900	543.71922
2540890	4750.8086
-710	22077.888
10700	36654.345
1500100	8584.5124
109050	24054.156
90800	12305.543
135290	39215.097
47100	18488.28
12390	34838.898
150000	45020.501
67300	42039.088
760	21037.083
38820	19093.381
22700	56939.837
3.06e+07	94.379019
227000	63745.398
61230	40495.409
175110	27785.754
18800	42821.307
293000	37825.893
20700	36916.297
26695	24683.271
539000	24634.854
1.51e+07	1584.2551
8063800	11894.786
2370	30511.201
314350	47638.106
2810	21330.19
8.02e+07	138.84409
2.07e+07	141.72584
-4500	24744.896
1.42e+08	103.70098
2.11e+07	1023.6309
219800	53829.508
-6700	39478.521
651000	31773.883
2.23e+08	14.111724
59200	42873.974
1.06e+07	1110.5348
864200	35466.358
232200	48716.149
639400	39794.54
716830	30061.956
570700	18693.309
468300	39779.654
1786900	15200.576
75700	34743.318
7547300	8737.0364
1190800	2576.2865
-2810	28847.711
350790	34928.172
1654900	17871.099
480200	29185.969
4420400	12141.943
3.01e+07	98.771034
0	28333.154
10000	41308.543
48300	21344.251
6.01e+07	132.67016
82000	37336.464
13060	24153.7
2290000	5598.5526
4.34e+07	109.24688
59750	35744.748
78520	56979.537
364400	47638.106
1584980	3362.6874
17000	31100.676
50540	27083.452
86600	38312.58
0	25985.551
40400	26470.984
375300	24634.854
3324200	11561.875
617800	27224.572
-3610	42531.275
142450	27720.104
4723100	7193.6933
8260	35536.629
181900	43059.247
166340	29091.955
484370	26858.74
4.56e+08	14.111724
251670	34125.929
4205650	1546.5217
1259100	16716.803
1985400	9226.2128
1089000	22336.652
3783800	1160.2944
414800	36611.772
817999	17817.718
1860600	10193.342
203000	36195.51
3650500	8674.42
126500	40813.317
1920	32635.834
271700	30559.841
1.49e+08	146.78254
942000	39473.76
4322900	7614.6062
820600	17369.605
33100	31265.256
1.29e+08	138.84409
401900	23944.492
62750	33873.609
1.20e+07	115.03995
5.43e+07	103.70098
1108970	43445.601
54130	32796.256
85040	35031.753
5660	20732.843
7.42e+07	14.111724
11000	28798.177
177420	30482.684
126000	40464.882
721400	5154.9933
2.13e+07	118.74531
26800	25566.763
140	31272.915
8100	21079.925
1436000	19952.402
47120	33495.132
1900	43441.096
149650	25821.495
51300	56594.525
1.07e+07	103.30136
37350	29281.081
172600	40240.397
264100	33252.669
69350	31937.347
4296300	103.13069
956210	21888.616
3400	34262.176
177992	50736.348
172500	25064.991
120	29000.575
64300	53720.02
146200	38327.605
47801	23747.972
152600	35787.176
2339700	10063.117
103550	42370.238
-51507	23507.58
2002000	16358.274
942000	16086.678
49100	41617.175
48300	36421.847
13480	17069.306
1700	40681.911
-445360	24933.853
20600	40810.342
45150	39307.26
25000	25134.27
135150	20172.329
15250	50572.667
2193670	16444.228
4634650	1060.3938
342000	27026.963
193600	34802.448
31210	32944.807
253900	22694.745
62100	50642.939
2356750	15460.808
2.80e+07	126.36302
976100	16066.146
2989000	1288.3214
-360	43522.464
-1000	11250.212
530000	43852.17
1014000	28037.594
100	32914.551
3600	26091.796
213400	18030.729
5410	28359.086
1112000	17779.23
93200	22862.369
5100	30544.273
692000	4654.1889
297510	40736.508
109900	38121.693
4.40e+07	132.67016
3103000	18219.667
74390	22210.315
160000	34172.57
7312500	129.02615
13300	30431.135
139250	9893.6988
7587000	144.50624
0	41159.815
6.70e+07	79.014881
96500	35471.421
375950	36567.308
300	23500.621
297800	27785.754
105540	8320.36
37620	28879.821
67390	31415.19
32000	41351.158
5400	41841.225
3660	18322.558
58560	37938.598
678900	1511.9114
23240	50363.036
1917500	13707.99
769200	29387.198
0	21922.173
350450	2823.288
1410800	18519.485
110050	38130.874
5700	20825.479
-23100	21207.576
3150	20404.701
125900	29900.988
371930	26787.198
3.98e+07	129.52529
539300	36140.125
1685640	14675.061
43300	26003.202
304700	33214.294
54560	43752.012
107100	40397.828
20050	26079.329
31100	42436.189
7418200	1110.5348
840	26878.727
135200	31218.44
33800	25845.301
627800	29670.341
2.68e+07	1016.2948
1254860	19681.94
224450	35623.631
482400	35107.272
7695700	138.08054
143320	37384.754
30400	32344.92
2414000	14257.159
-29890	21394.626
1186100	13547.595
165400	43938.576
168000	37036.516
307300	30245.317
460900	30956.745
846000	34067.713
39600	25694.416
352100	29871.176
329500	24016.419
1890100	6680.9693
36300	28174.999
185600	53837.566
183400	8988.4533
691950	32154.542
1503300	15937.045
24700	49387.275
508000	36640.201
8150	44675.188
182330	46618.01
8414610	1833.587
224000	20973.779
57700	22447.071
6.98e+07	146.78254
-8600	46063.441
-7000	33256.061
60500	47684.201
12030	20531.879
4505	20536.541
162500	37556.921
7.75e+07	94.840248
169700	31554.584
670	34346.293
450800	4466.5851
1610	31906.587
94330	38375.44
3322300	1346.0471
1.25e+07	2174.5054
524500	23490.8
249830	29849.701
280000	38113.93
4200	24932.141
300	19001.547
2192600	8432.0106
-2500	22479.018
-1600	25193.194
152400	36773.051
431300	30907.25
4100	27155.134
1109000	17635.815
4594300	129.75644
435000	31266.379
4993400	6645.813
62240	30475.681
1.24e+08	103.70098
5.02e+07	140.25562
-12100	42531.275
2913000	8210.3299
641100	43412.834
244049	27499.545
332800	34255.573
18420	22396.794
5287600	10238.332
2.19e+07	1069.4966
79440	34062.537
-9540	33822.623
1845100	21185.9
76650	37734.641
-7300	27036.638
8.89e+07	122.28991
42500	49260.463
513500	3685.0851
123700	33493.641
322100	26960.295
154700	37836.471
4.39e+07	99.253726
40300	27288.509
20500	36327.369
1.09e+07	130.6219
599100	28624.141
3028000	1564.7193
18900	46740.804
-7020	25954.969
954700	21146.45
1300	31822.659
4.63e+08	11.165979
115600	41408.497
702250	2342.5616
6800	44924.647
100300	60120.6
5524000	136.47467
1.30e+07	2454.9693
3700000	145.97533
1101390	37302.194
1952450	17609.883
7850	26812.024
774500	36425.071
7897200	10638.478
1.65e+08	79.014881
2005800	10638.478
630300	34373.326
0	24876.918
-100	25516.713
88980	37375.691
252500	57368.957
6300	27360.182
35050	32339.621
2.09e+07	1415.2838
167750	38295.878
311650	41604.963
2.80e+07	1894.9078
-9790	36322.019
329000	30775.583
-5780	22618.339
16080	26000.609
3563300	850.82418
-16700	26276.479
-2320	21104.752
-2900	20369.662
1.98e+07	1882.3528
228400	29650.327
3000	32202.817
127950	35031.753
-10280	43141.031
959900	18258.892
393600	16933.55
40860	26992.5
-11870	44707.258
435000	37357.872
212400	40459.383
224300	40162.034
2952401	6117.8689
311080	35505.897
-10700	21301.09
4800	22988.582
3400	33391.206
3000	23200.813
192350	29558.995
230550	39989.925
54500	9792.807
310070	30163.944
539500	35348.573
281470	29481.011
7.32e+07	86.397081
788840	16086.678
3596000	6454.0992
8500	44349.626
-1800	31444.125
258300	45455.468
2000	26989.138
3.01e+07	104.05329
2129600	10063.117
1491400	14338.059
45500	33782.611
3656000	18067.484
12750	36073.939
885900	21378.19
108410	43840.363
383200	45353.293
495840	28008.268
802800	5980.2613
83750	43260.998
2782050	1470.3912
322730	28064.842
44000	22453.857
61470	35238.286
81380	40692.341
26500	23625.357
3735626	1409.5744
81590	38944.498
-27800	8925.7701
202560	23857.433
4648200	1635.2346
17100	33954.892
38700	23368.314
2864600	18219.667
299450	34869.164
2623000	11485.27
-2200	38178.432
8100	26848.041
2.67e+07	98.771034
1.05e+07	120.39344
1129600	14029.128
1900	30042.104
862500	28723.871
2.19e+07	105.27766
444400	36624.73
531600	34913.309
1.20e+07	1654.1825
1840	28474.487
-3700	38135.164
2100	59126.123
-16230	43061.811
290500	42330.3
88500	55764.03
7246500	1470.3912
0	32192.518
8070	25833.827
83100	45622.498
3.46e+07	119.53733
3320	24198.635
358390	47638.106
379800	3212.2342
801050	39989.925
60	30633.815
103600	33865.606
1.54e+07	74.719152
76100	32958.067
2218000	897.0364
124610	48357.798
3300	25684.198
91950	16988.737
8270	35744.748
-4700	23781.755
653200	33105.476
908950	22834.299
2511700	8674.42
385900	33888.549
1483000	5669.3236
72451	35951.123
-1200	20417.658
1367280	9797.7041
10640	33383.38
271500	32983.333
181500	21420.401
1000	9546.6822
-35960	37769.271
2.07e+07	147.28121
6.19e+07	99.253726
1171000	4703.9975
862000	360.29542
1.09e+08	140.25562
3.52e+07	1069.4966
618500	20284.759
46370	23814.281
153700	40394.97
1261380	19596.115
29390	36593.327
100	23258.689
125200	21994.114
-48300	27234.679
2.70e+07	124.89343
2954000	6375.0481
150250	40943.493
107850	46945.247
213100	52356.023
5813400	10823.46
556700	28601.815
419300	30848.473
0	44316.572
7750	36694.061
1.20e+07	145.97533
4956250	103.13069
473600	27615.505
10350	21242.31
1.52e+07	147.28121
1950800	14489.45
3506600	18219.667
2880	27722.609
210670	31980.279
6474500	12219.451
21800	4376.1858
83350	31877.936
-840	22028.972
1023200	66232.416
58200	38968.065
26630	22247.408
435000	38440.45
7050000	1905.2492
53390	19831.513
3326400	18219.667
15300	25461.477
395600	34342.165
17550	46222.494
2421	24812.831
49230	34034.948
-29600	28197.568
1.67e+07	90.331541
151300	30337.432
3108100	18219.667
482300	26148.399
1900	27996.878
-13700	26989.138
-47800	44709.164
2.32e+08	99.253726
1578530	17472.573
504710	40702.977
200	46028.238
2163380	1258.2513
128550	21495.241
460480	2823.288
2.44e+08	140.25562
927360	4941.8656
196600	37413.822
13000	22531.84
62920	34006.067
42800	33434.228
616500	29052.39
1951730	5598.5526
-23550	25135.971
194200	34740.013
8488500	11561.875
539700	33026.312
310900	29742.89
2.97e+07	105.27766
92000	33159.294
1072650	64568.156
2963200	8674.42
2.71e+07	970.40874
18810	36150.122
13350	45246.124
163500	37036.516
46310	29742.085
490000	16362.094
1.12e+07	1553.5053
11960	57420.75
357700	27860.751
4577500	1110.5348
174310	35361.314
4470800	10238.094
3.08e+07	119.53733
6990	30271.027
550630	36508.565
2.19e+08	86.397081
529140	30185.046
15900	35483.018
4700	36090.883
434950	32983.333
43210	40208.38
2720	24319.569
317860	47638.106
379000	34225.178
828500	2823.288
94300	32717.597
-14160	32493.97
431600	29548.567
150900	25632.959
172200	45283.241
700	31066.518
217500	21019.781
1279400	1374.2036
1.10e+07	1470.3912
380800	35210.879
531000	32154.542
55460	41241.41
5710	28051.503
1211400	29547.323
1300	23863.889
702900	2422.4844
9860500	103.13069
149800	39711.485
1114500	66232.416
1.34e+07	1284.1591
247200	53655.391
6102900	12872.085
-63140	31734.16
75560	39307.26
-11460	29979.7
614000	3726.484
406800	20057.291
115000	25390.184
276700	22401.854
2.10e+07	75.258513
1.79e+07	98.771034
463950	1282.9747
3200	32407.522
2557100	16539.601
192500	8957.482
776000	30815.853
79850	28564.51
1515100	3362.6874
9.32e+07	1122.8783
1011400	41250.623
1205100	15153.537
291900	28974.769
458100	30945.216
-17480	52469.383
845700	22642.463
459800	29625.656
117780	38868.946
251000	42736.274
9.62e+07	99.253726
3083400	1288.3214
12000	38968.065
2630400	18067.484
147001	36443.386
1700	28146.146
2360	35349.857
1309500	66232.416
1170	27842.44
166100	56817.119
1.27e+07	181.51375
4941750	2454.9693
-49390	20213.97
1.01e+08	1122.8783
2458170	18219.667
668000	32347.154
3456500	13707.99
31820	22339.895
92230	19777.998
616850	36264.527
727100	16284.902
1700400	19519.78
9020000	12141.943
844900	3701.8971
537600	5823.7022
18000	19537.616
10780	24761.92
4616000	9170.3824
3.50e+07	954.17488
968400	5154.9933
2.49e+07	94.379019
138510	33123.644
1138450	4075.8162
3425000	1480.1985
1.67e+07	68.710545
4400	19785.397
96640	11917.208
18300	32411.181
6.64e+07	1122.8783
12750	21934.269
7500	34500.905
1103500	4247.007
3750	21546.77
936100	486.6933
1.55e+08	10.687122
603500	40684.913
405910	20711.583
533140	3949.4423
102450	35481.859
317800	29030.748
127900	25573.554
1801000	6739.3701
231470	3327.0813
141950	32190.675
28500	42550.886
559800	47346.732
213500	31288.687
3308600	12918.101
1.35e+08	138.84409
682930	35201.676
29700	33389.008
0	23183.225
246100	36362.982
12470	24635.353
422500	46966.252
2.21e+07	6697.7056
0	36574.555
25760	21229.602
2131100	1801.571
5.71e+07	103.70098
161800	39299.509
621480	34782.36
8400	30645.968
112100	33702.079
-5100	22339.895
5780400	1060.3938
117500	38295.84
83310	37135.895
88950	17960.041
226900	59185.321
874000	10467.812
1441220	3603.9167
7425100	12219.451
1408340	546.4294
31090	34396.842
1.22e+08	99.089747
135100	46097.224
161620	51177.064
71830	43065.145
2600	24530.76
1080900	419.53028
23750	36933.057
235930	32083.939
17820	22793.412
3600	24051.958
6.09e+07	79.014881
0	28890.018
131110	36867.583
640300	22404.812
258200	33980.754
38520	40261.973
3900	26801.289
2241410	6583.4261
145100	34227.147
103650	35021.648
7350	26535.858
256950	28173.632
4150	40691.38
48690	37557.559
200	23889.024
2439100	16539.601
291900	31292.141
1.16e+07	85.921953
67150	37634.168
1066600	29527.006
4945500	8578.2095
6500	44509.785
29260	41655.719
100970	24832.959
45250	50782.092
224760	27227.668
500	32122.355
824000	2476.4982
4150	27852.931
1950	23047.211
2000	20868.511
1.61e+07	94.379019
84900	46060.934
153800	38006.841
5.27e+07	138.84409
2416000	15460.808
2.80e+07	1354.5889
164400	40781.828
26400	37501.257
1.83e+07	138.39273
480800	35371.729
60000	28051.907
29400	21709.648
54500	23032.289
1772000	10922.968
68400	35160.681
51800	37670.393
38500	35313.139
91150	48505.254
1335000	4703.9975
856700	37166.783
2528940	1536.2749
58200	19041.092
160100	28093.181
-6500	29696.814
1.72e+07	1069.4966
3300	32693.672
170	18969.81
16800	34077.052
-300	25041.745
2242000	12427.755
697170	4275.034
-15410	44101.454
-3000	29499.034
775500	33257.211
39500	34181.833
641400	2949.7909
1710000	698.63581
86500	32188.487
117650	30837.606
9.69e+07	11.165979
110310	36583.11
944500	25500.704
2050	18615.15
1.03e+07	11485.27
53600	35321.316
43051	39695.562
54680	29465.207
73400	31374.352
2871900	1536.2749
-27270	39371.358
154140	53655.391
28370	24600.433
8486010	1553.5053
1.08e+07	1866.3314
200110	37269.206
94770	39400.309
80470	28750.289
39870	33870.389
17230	35478.71
207300	28292.715
437900	47638.106
1062000	5142.6154
2.30e+07	198.2575
3258200	850.82418
29000	30810.395
143600	28949.691
1092900	14489.45
93000	27740.426
2.04e+07	126.36302
9901	29066.529
93500	11839.652
373910	31656.143
2.05e+07	94.379019
1361	28037.374
842820	29282.869
12030	31746.344
1084000	9345.877
235200	36013.721
116700	30985.984
4309500	14491.748
6.87e+07	1122.8783
1.28e+08	86.397081
3.46e+07	126.36302
350100	28017.695
42920	27471.622
37450	56514.883
3.42e+07	119.53733
6726800	10238.332
-14900	31940.245
180800	44023.737
231600	43948.037
718910	29977.965
370680	31391.915
1.57e+07	970.40874
1726000	3362.6874
163500	25550.779
923150	8384.1459
2.16e+07	148.07614
4300	25708.703
-4100	22749.633
17120	40269.366
240100	34220.916
28680	25069.74
12380	30269.92
2000	21269.289
186400	9981.0443
3570	17354.655
4300	19763.327
415900	31895.821
189100	24660.529
2660800	7193.6933
9700	36493.733
-5970	22006.406
0	23024.946
16901	33822.623
1.04e+08	14.111724
2500	26773.447
4973400	1802.2075
1919250	4972.9498
200	25745.916
89260	26745.762
8918000	1546.5217
86200	29716.822
761460	23578.379
88700	10391.343
3940	45960.641
751480	43051.359
279210	28109.505
7000	22781.244
33500	34763.224
1131500	19841.686
1000	33989.076
3.95e+07	1122.8783
1068700	23611.008
229590	35384.938
5.79e+07	82.691911
5364000	1635.2346
4706100	1470.3912
801100	42971.265
639510	3212.2342
33700	29891.781
286600	39167.955
875700	26664.925
117750	38645.991
5650	20574.489
1783300	602.22501
65200	60120.6
9500	38127.395
212900	36726.824
8.55e+07	99.253726
-34500	28403.973
4459900	1346.0471
1849000	15111.401
5500	27765.54
689700	24634.854
0	35472.502
18800	34036.595
26650	26851.286
41230	18812.427
1.24e+07	2056.9014
265000	30817.422
42000	28094.173
-800	23847.837
21300	20047.446
9164400	1470.3912
149250	47240.794
1699000	13108.542
45880	33617.326
-36830	22299.953
3878000	7221.4874
757500	45512.833
557700	31531.773
95300	37602.808
7570	39429.095
10500	25304.364
461010	31911.566
5755	37987.395
131000	11245.73
3686720	9922.8866
20900	19082.05
176499	36718.515
400	56184.374
8605	40533.01
4310	16635.601
592550	32663.269
880	28973.815
4427000	154.86794
70050	35490.133
3843110	1118.5512
481200	47638.106
125600	30592.465
6900	30719.274
58100	30073.179
99161	35277.231
655300	43513.599
24400	46334.036
4887600	8326.4479
16150	39537.393
199000	36827.866
2300	46085.606
230480	42484.088
1.35e+07	9799.2579
256400	30717.515
149800	40357.941
3990230	4610.3266
14300	27224.506
4950500	18219.667
23800	25888.359
4938200	10238.332
541000	37028.545
10210	49803.075
1.42e+08	99.253726
123320	29485.786
1678900	3901.0233
-230	28287.586
28600	33045.26
152101	45110.667
86700	43740.564
36735	25757.441
82600	47041.37
277300	34944.643
5.64e+07	94.840248
854750	30629.828
20550	32119.921
4737000	18219.667
127000	36115.028
7033400	1536.2749
158000	33777.076
9263500	1802.2075
255400	45704.992
146220	51824.791
498300	26686.827
1.38e+08	146.78254
9440000	1754.953
195200	35547.14
476010	24634.854
3860000	7318.7771
666600	34265.645
2051	33747.859
2197300	20592.852
309000	29326.66
100960	22972.445
4030	41788.556
83100	23049.829
-21200	20109.733
1411200	3036.0044
351100	34202.462
30100	34909.491
104480	28567.255
42200	27391.085
252000	65255.599
468600	27890.308
1476000	3362.6874
4.64e+07	94.840248
2.72e+07	90.331541
620920	28277.05
3005	27162.469
800	26818.807
2025000	8345.6079
-33000	21002.132
267900	29030.748
105190	30747.075
71150	34285.865
150700	31906.903
32100	23409.309
97800	37333.59
17160	29091.711
2863130	7566.3934
3600	32111.388
34570	36226.782
252200	30775.583
410000	34670.137
1.07e+07	1419.7494
40000	33408.718
14000	31409.826
7520	36833.945
11850	21961.205
80400	43840.363
73550	35756.798
93300	34522.272
1026800	4972.9498
4.54e+07	1122.8783
1792000	2576.2865
904300	4443.6924
108300	35007.71
914000	8384.1459
137510	40495.409
134250	35067.328
655900	1325.5566
42150	42363.467
256400	10555.873
12200	17062.193
78100	23098.289
1.62e+07	126.36302
1004000	10943.372
12100	38433.159
0	25250.064
5.59e+07	138.84409
51001	27427.105
0	40789.537
55241	17628.471
2.80e+07	1431.9372
14200	31173.677
2385700	6478.8198
44490	35227.148
22210	25324.061
16500	36409.472
2145000	1168.9595
21910	20058.263
2.42e+07	1071.2665
-6000	24072.168
737470	34869.164
-1850	48097.697
4020450	7310.4131
2591100	11485.27
370000	29460.284
2900	30292.356
-13060	16961.473
5257220	1470.3912
74600	51774.235
110300	41258.004
259000	31829.345
283520	40118.352
1.97e+07	1677.9888
0	28312.529
8.17e+07	140.25562
144381	21581.58
3.42e+07	1498.5737
70	20531.879
24130	44496.482
30	44287.744
2.37e+08	82.141381
1347200	3172.0384
-19800	21211.015
1875100	17573.542
-8700	29186.855
144490	1072.5738
206100	36384.982
46800	28440.055
5.67e+07	99.089747
141580	13317.317
464680	35810.536
373380	1897.3423
313000	28762.059
27000	36429.063
1368200	16799.397
317300	39777.982
5220	33713.813
107780	34255.573
4537900	1288.3214
521160	27537.249
860860	2576.2865
5.20e+07	1122.8783
405100	32154.542
1012050	31733.044
2.25e+08	146.78254
0	25762.166
4598400	1334.1608
2.48e+07	119.53733
853800	3949.4423
257000	59126.123
179200	35338.666
100900	36940.064
323000	21899.172
133000	32842.647
202300	37581.32
3018500	1878.7796
895590	36875.899
75960	35529.741
-9220	19357.21
882500	32658.114
24670	38659.489
235900	38091.122
24610	37311.254
1862100	18219.667
726390	36040.795
344850	1282.9747
239000	51920.844
30100	36233.2
109400	33367.604
160	21358.148
47620	4377.2578
945150	33211.629
1.93e+08	103.70098
92950	42300.111
283840	1072.5738
2000	18616.349
26500	28474.92
197000	36721.439
15920	36195.51
586000	33048.001
899950	1942.6855
96360	36101.156
1.42e+07	2454.9693
1.00e+08	79.014881
3850	23625.577
1.97e+07	1345.6138
353600	34898.339
1147900	20177.389
-11400	46265.769
243200	34349.99
20250	24479.237
146800	23140.292
3000	36653.475
193100	34886.955
5.38e+07	146.78254
218200	4920.2934
83690	25608.112
860000	26387.578
374600	25889.592
1000	34148.198
30550	35369.933
9258000	85.921953
1.37e+07	1564.7193
105940	21365.289
3600	39095.235
199150	46097.224
742100	27906.587
254000	50719.246
550500	34662.591
80	46914.159
2263300	6645.2265
-5260	29790.983
2700	36408.829
114750	32038.048
1.33e+07	103.13069
2098500	16027.104
8959400	7025.7892
1.25e+07	7101.5159
77900	33684.382
1.87e+07	148.07614
27700	44316.572
880	22156.755
1.14e+07	6742.3786
284700	22836.465
323390	29817.574
14800	35876.29
2919700	7427.561
827400	66232.416
148700	40227.528
3100	22128.896
1288520	10943.372
7183400	6981.2673
489900	24634.854
32300	26676.956
251030	47638.106
1384500	7039.9377
8924100	1553.5053
147500	34810.928
324540	47328.429
990	44984.884
0	32823.245
3493500	9236.5789
1389000	4075.8162
1.51e+08	99.089747
8195000	1536.2749
193500	36959.528
1126200	2576.2865
2479700	18219.667
80500	33339.714
110690	36116.288
18940	21211.015
2840	22908.753
32220	21235.692
1591500	17293.563
3.39e+07	133.58786
1.83e+07	1069.4966
19265	22421.145
201000	34888.836
285540	42397.871
269450	33545.257
4000	32164.144
59000	33116.72
23400	53872.953
2.74e+08	19.740615
19800	57972.759
838700	2576.2865
86600	38589.631
2199420	7793.1583
4.38e+07	99.089747
1429500	66232.416
2634800	7516.0205
205000	27393.337
26900	28698.47
0	26132.06
1.10e+07	1654.1825
-12050	27701.24
16270	25006.638
1.64e+07	1069.4966
1922100	23611.008
1937400	7858.6402
1540	27961.604
52200	36195.51
593400	39821.849
130	23967.785
-580	19001.547
742000	33816.249
15340	41788.556
1010450	17601.254
219650	33470.804
2564250	12427.755
-9000	32113.716
133600	28873.279
818000	17893.376
2739000	1878.7796
27100	24908.127
54320	23807.832
1.11e+07	154.86794
108500	25243.201
262400	40436.598
1.19e+07	2595.3328
225900	1282.9747
-23950	28312.455
613700	34877.033
3200	25193.194
1078140	38959.77
634800	28288.826
8010	33384.37
11750	41064.426
1370	20060.122
70	25712.712
72520	28292.715
31500	42975.133
3761600	2056.9014
1500	23125.477
22980	48027.888
847400	9298.8619
454490	30061.956
211120	34004.439
26100	16441.022
188400	2949.7909
5000	28963.816
1.02e+07	1986.1993
1.23e+07	160.93845
118905	38153.54
3150	50359.639
36250	42015.501
238280	37371.358
187400	36701.192
526920	26254.386
1.20e+07	1564.7193
2424000	7697.7117
265000	31235.592
22900	34432.692
46010	24960.076
153830	1293.4009
144370	63170.46
36490	25542.394
11610	41240.567
88700	39962.569
32320	31374.97
279550	39765.846
292700	36555.199
4310	16995.17
63710	46628.856
91090	24346.821
209100	27051.827
-3600	33034.964
4054600	4750.8086
59350	36737.502
31570	1250.3563
968656	2949.7909
-5410	25760.839
51220	37513.706
4750800	13645.735
44250	26053.377
677070	3685.0851
431500	29852.288
1.92e+07	90.331541
-10400	28145.812
8306300	2189.0091
2700	24008.737
35220	18790.487
69510	38298.412
-4700	43404.678
-9000	21495.571
-17200	6485.3571
4900	39534.665
54150	25318.713
-850	33491.526
564810	37510.684
621050	28439.744
174850	50438.705
9850	23234.678
3000	22833.509
27800	19287.535
1229000	4703.9975
8750	26140.684
71500	34946.013
849900	27890.308
31750	37723.592
284100	36775.425
235870	12729.172
11850	42074.671
32400	34394.565
-22200	36851.088
-2900	35122.979
458750	27146.417
4100	31073.229
2.39e+07	5674.7587
233030	27750.852
2300	21872.552
24850	39462.928
41200	42535.953
1101000	745.20836
350900	36601.215
5.82e+07	1122.8783
657800	37302.194
1649400	17897.6
9384600	108.82589
540900	17349.754
4510	27635.017
5177900	13645.735
772000	36827.99
1275400	14238.882
3243300	7193.6933
2.45e+07	148.07614
595600	2823.288
14150	25069.338
98220	41304.46
66800	28853.211
102900	38529.376
-8700	39677.409
816320	14401.446
1394000	49468.194
367700	32962.596
7.49e+07	104.56179
3.31e+07	126.36302
13700	25519.726
1.59e+07	1606.0276
561000	38137.916
925500	36282.276
1.08e+08	86.397081
-9210	24993.101
220090	37251.919
28560	40137.725
1244800	7930.7056
2391300	1802.2075
-8950	39300.882
153850	48382.238
6390800	1288.3214
70580	19967.659
3.35e+07	126.36302
0	32979.04
1093000	24564.738
73450	23432.913
358100	33655.211
3877900	168.13101
262950	1515.9269
1.01e+07	1480.1985
3400	20569.26
239100	29742.023
1.05e+07	98.000477
5.91e+07	1122.8783
46000	28470.806
57300	32049.685
1295500	66232.416
390500	31190.361
2442460	8659.379
98200	20794.576
1.40e+07	9236.5789
9810500	1866.3314
249700	12653.021
-15000	23884.73
1463600	2576.2865
6000	33750.635
-55300	24808.657
844250	2399.4302
-12300	24403.699
47700	38772.496
17300	39488.066
8910	33736.225
31700	31951.645
387920	25586.264
2369000	16539.601
3450	24407.945
10200	20687.442
39100	46336.075
152250	34817.493
36920	20403.594
726600	31900.262
36220	61345.534
0	19869.249
29250	55288.482
-6000	21452.496
501700	40096.158
126310	40292.484
916800	18982.06
2420	21686.661
-4000	34778.86
43790	58838.086
72850	34782.986
997900	32154.542
761950	32498.121
59700	30511.201
72700	21467.97
777060	3513.3591
0	20771.322
700000	32154.542
16200	42461.951
1936810	8584.5124
9160	24115.478
730600	2576.2865
261670	47638.106
38800	33860.313
121450	35327.604
397800	31295.471
2900	23914.127
403050	1511.9114
72330	30457.04
1233900	16439.231
1.45e+08	99.089747
0	23863.889
60230	36877.653
5330	25900.088
8000	25554.944
303000	65206.029
18040	59126.123
6438500	1160.2944
2683000	6645.813
1416180	2576.2865
7075100	7646.709
117200	28078.049
3400	42409.782
1184000	4941.8656
38510	49497.181
301050	37459.858
259050	18995.303
6300	36334.553
4500	23129.765
14000	36489.935
2.19e+07	1354.5889
11402	17459.594
114550	41527.842
1399300	2296.5298
57400	24018.713
2.23e+08	14.285229
17700	25272.987
1.16e+07	152.2344
578700	27785.754
1010	35527.826
3433800	7224.9254
