time_period	DeltaLogC_me	DeltaLogC	DeltaLogY	A	BigTheta	Delta8LogC	Delta8LogY	Delta8LogC_me	Measurement_Error
0.0	0.0068208373774756303	0.0083225324747926432	-0.0081236111651972198	23.629581947853715	0.9999953016405736	0.022528759853254421	0.0053974901407913833	0.024451133656847146	0.0017428489467531333
1.0	-0.0074272973171118917	-0.0019189255913851788	0.027772353077976319	23.67607996643471	1.0034517548313977	0.020605044149881069	0.026798698949932698	0.023943429141952688	-0.0037655227789736533
2.0	0.005671505502312213	0.0019264108143919323	0.002923916864360665	23.725432779452341	1.0034517548313977	0.023506548021028806	0.033838989992784896	0.020922330800292599	-2.0428091053495281e-05
3.0	0.0016108193980817198	7.6443901282585713e-05	0.03028672058282722	23.695694066346853	0.9965529435280287	0.022579025583527867	0.057462648337991196	0.025548594089984888	0.0015139474057456234
4.0	0.0014372413761378766	0.0047057494581939086	0.0027319365366915704	23.989004534991043	0.9965529435280287	0.022395798928893207	0.021556456560339665	0.020264708110327989	-0.0017545606763103906
5.0	0.0095801440697351747	0.0071786377903286791	-0.01799612701242248	24.213925642746521	0.9965529435280287	0.027962360866304214	0.026073626689155915	0.029270283050512935	0.00064694560309627963
6.0	-0.0070273457076388546	-0.006644889472307236	0.0058251945200367139	24.475995228543766	0.9999953016405736	0.015148633423717195	0.022372811704903572	0.019333382195115156	0.00026448936776459175
7.0	-0.00374235285352853	-0.0034883199875641591	-0.059875557737053109	24.24543915309399	0.9999953016405736	0.010157639387733175	-0.01645517433278032	0.0063800947177896639	1.0456501800202102e-05
8.0	-0.0030091142659951498	-0.0025732268427971494	0.034832188511987994	24.118429440189391	0.9999953016405736	-0.00073811992985661767	0.026500625344404893	-0.0042005965580433902	-0.00042543092139779435
9.0	0.0089564956848671162	0.0074759530293213583	-0.0079385845895676432	23.950053551877858	1.0034517548313977	0.0086567586908499194	-0.0092103123231390693	0.0056263980992363738	0.0010551117341480642
10.0	0.0046781583211230604	0.0028019488576687124	0.022531351364941887	23.836831565612552	0.9999953016405736	0.0095322967341266995	0.010397122177442153	0.0093059889324302869	0.0029313211976022867
11.0	-0.0027949435675480583	0.0024878569096211667	0.03436273298714565	23.813273046083236	0.9999953016405736	0.01194370974246528	0.014473134581760583	0.0071200474529793389	-0.0023514792795669469
12.0	0.0027539074516993445	-0.0021030647305395611	0.00019881152372236421	23.959942206712334	0.9999953016405736	0.0051348955537318108	0.011940009568791377	0.0050741494258756958	0.0025054929026719899
13.0	0.0042847523550746391	0.006233165019481568	-0.008578186277135913	23.899942066450897	0.9999953016405736	0.0041894227828846997	0.021357950304077944	0.00491618322563947	0.00055708023826498093
14.0	0.0046578627037703324	0.0041303205115577057	-0.031678210737379864	24.071789834392494	1.0034517548313977	0.014964632766749641	-0.016145454953338634	0.01164443153227146	0.001084622430477673
15.0	-0.0016796658437667755	0.0021744018502642959	0.043655861930781636	24.194143941604537	0.9999953016405736	0.020627354604578096	0.087385964714496112	0.01802561636000144	-0.0027694452635534271
16.0	0.0038784877894268988	0.00077976797048795454	0.010200951234175859	24.512020014325344	1.0034517548313977	0.0239803494178632	0.062754727436683977	0.023711710403372166	0.00032927455538561072
17.0	0.0034514586584362128	0.00016350994475655689	-0.029593990746416443	24.408422222345024	0.9999953016405736	0.016667906333298399	0.041099321279835177	0.016904906259826991	0.0036172232690651132
18.0	-0.0030596777367426498	0.0031885984155315406	0.010423004767942112	24.494029635884161	0.9965529435280287	0.017054555891161227	0.028990974682835402	0.018847699022341624	-0.0026310528832090762
19.0	0.00013124596455638127	0.0023191263567279297	-0.034166116662110335	24.47836842460757	1.0034517548313977	0.01688582533826799	-0.039537874966420583	0.019704209770053271	-0.0048189332753805075
20.0	0.0059820590767365456	0.0054110272194867193	-0.0032205400816893714	24.608098112875588	0.9965529435280287	0.024399917288294271	-0.042957226571832319	0.025978424890717555	-0.0042479014181306205
21.0	0.0068875854730945374	0.0019913774198068168	0.073601333374163858	24.60185445012986	0.9999953016405736	0.020158129688619519	0.039222293079467452	0.017771632166828866	0.00064830663515701896
22.0	0.0053606920112065914	0.00019778658904501256	-0.044651066534738382	24.636412572186753	1.0034517548313977	0.016225595766106826	0.026249437282108934	0.014948156788741507	0.0058112120573185592
23.0	-0.0061702043497462444	-0.0030969787111216895	0.0033341476481059118	24.688889012443767	0.9965529435280287	0.010954215204720841	-0.014072277000566791	0.012626568265028615	0.0027379864186941601
24.0	-0.0024545341853909886	-0.0037920595140277236	-0.021841846473223958	24.861889124189407	1.0034517548313977	0.0063823877202051627	-0.046115074707966608	0.0049143659402153261	0.00407551174733082
25.0	0.0065341853230889146	0.010368110063706526	0.056299084947160294	24.995646348488105	1.0034517548313977	0.016586987839155132	0.039778000985610129	0.013265209751677443	0.00024158700671327696
26.0	0.010331893609720311	0.0071671222575406812	-0.020340026281974399	25.050290883242624	1.0034517548313977	0.020565511681164272	0.0090149699356936175	0.019252464129066338	0.0034063583588927388
27.0	-0.002456360828019255	0.0016109204533356625	0.0021701356323011733	25.106633527159662	1.0034517548313977	0.019857305777772005	0.045351222230105126	0.015268734990369515	-0.00066092292246207188
28.0	0.0074462214956816375	0.0052911650868743276	0.01816250057482649	25.027383218792917	0.9965529435280287	0.019737443645159614	0.066734262886620987	0.01594227760325917	0.001494133486345098
29.0	0.00088773080384751957	0.0030332094260128173	-0.0046402626014254711	24.926158868527523	0.9965529435280287	0.020779275651365614	-0.011507333088968341	0.0197735966175554	-0.00065134513582002515
30.0	0.0023934749387706233	0.0030805762985726126	0.013587870395063151	25.027810762003821	0.9965529435280287	0.023662065360893214	0.046731603840833191	0.023114695884941083	-0.0013384464956221285
31.0	-0.00054010334496323864	-0.0022019069107204192	-0.035902430792395634	25.032812957125284	0.9965529435280287	0.024557137161294484	0.0074950254003316452	0.022998467662113997	0.00032335707013499745
32.0	-0.0013578778772127542	0.00012564695812056215	-0.052353034887396177	24.722698842370058	0.9965529435280287	0.02847484363344277	-0.023016163013840574	0.028086630796170464	-0.0011601677651981517
33.0	0.0033070413256872655	-0.0010413523100614164	0.043016684758594215	24.875161660201989	0.9965529435280287	0.017065381259674828	-0.036298563202406653	0.020301529817801756	0.0031882258705503803
34.0	-0.0025187333878440299	0.00019432307261690873	-0.022348299869535904	24.623864488161523	0.9965529435280287	0.010092582074751055	-0.038306836789968157	0.013219678887474551	0.00047516941008944071
35.0	0.00048807477292389656	-1.1907584997583598e-05	0.091606608179601867	24.63279719844763	0.9999953016405736	0.0084697540364178092	0.051129635757332537	0.0086738850846814763	0.00097515176801098473
36.0	0.0019930342812797264	0.0037908610951695731	-0.062009986335834322	24.793808666031243	0.9999953016405736	0.0069694500447130547	-0.029042851153328275	0.012629733863850356	-0.00082267504587875428
37.0	0.0051117669342002348	0.0012275712231124558	0.031014635848636729	25.040856051059965	1.0034517548313977	0.0051638118418126933	0.006612047296733925	0.0094638981036911929	0.0030615206652089724
38.0	0.0012964863564226548	0.0061415241125557518	-0.016250052167720908	25.225628966463837	0.9965529435280287	0.0082247596557958325	-0.023225875266050133	0.012090681825006611	-0.0017835170909241038
39.0	0.0017250952382954488	-0.0016671422328633501	0.0001368917704318573	25.24231741532617	1.0034517548313977	0.0087595243336529016	0.012813447296777358	0.010900418117496091	0.0016087203802345297
40.0	-0.0051733773226882995	-0.0027097223947751825	0.041662410529469396	25.388820010547022	0.9965529435280287	0.005924154980757157	0.10682889271364293	0.0086118916246256116	-0.00085493454767852418
41.0	0.0035571143015482587	0.0049912033379670984	-0.035390163245507589	25.417051466907751	1.0034517548313977	0.011956710628785672	0.028422044709541128	0.013962426601756395	-0.0022890235840973567
42.0	0.00070791215223153792	-0.00038879223393073481	0.0062792997788043703	25.28940539179813	0.9965529435280287	0.011373595322238028	0.057049644357881402	0.010917455098684581	-0.0011923191979350677
43.0	-0.0009172276847062566	-0.00014907988296264385	-0.0077409312310450229	25.489917506418667	0.9999953016405736	0.011236423024272968	-0.042297895052765488	0.013691036722955685	-0.0019604669996786876
44.0	0.0052618610566688151	0.0038196531822709545	0.015069399317009236	25.725068957525192	0.9999953016405736	0.011265215111374349	0.034781490600078069	0.010479778608324386	-0.00051825912528083993
45.0	0.004589714560008451	0.0048978046520387064	0.012895922864010423	25.986498435937285	1.0034517548313977	0.0149354485403006	0.016662777615451763	0.016588346031279677	-0.00082634921731116558
46.0	0.00068820171621131188	-0.00089878085421779552	0.0079018195982989425	26.09644002052654	1.0034517548313977	0.0078951435735270525	0.040814649381471613	0.0089601096873701547	0.00076063335311803994
47.0	0.0027275853502091163	0.0021111675522091922	-0.011719294337209085	26.345914468623999	0.9999953016405736	0.011673453358599595	0.02895846327383067	0.014006343981191938	0.001377051151117927
48.0	-0.0035079935062036771	-0.0017717381143547151	0.0077135650854731619	26.443424809863092	1.0034517548313977	0.012611437639020062	-0.0049903821701655637	0.010669199165823207	-0.00035920424073097819
49.0	0.0056200180145755674	0.0053239347246922808	0.006614301098074149	26.72905048562399	0.9999953016405736	0.012944169025745245	0.037014082173416174	0.011584031343832457	-6.3120950847672333e-05
50.0	0.0060623957719907473	0.0052948678042361585	0.0025551346219905291	27.009379280099395	0.9965529435280287	0.018627829063912138	0.033289917016602333	0.017457244798877447	0.00070440701690678261
51.0	-0.011660654541931326	-0.0096407780305693969	-0.01849489545045957	27.264050429170549	1.0034517548313977	0.009136130916305385	0.022535952797187786	0.0088374268816835411	-0.0013154694944551351
52.0	0.0028843969213894205	-0.00015657547338476796	-0.021774085560920531	27.266112690875989	0.9999953016405736	0.0051599022606496625	-0.01430753208074198	0.0038962322617914769	0.0017255029003191544
53.0	-0.0054772720139770747	-0.0058039341440283554	-0.0093156096728841398	27.446256344711269	0.9999953016405736	-0.0055418365354173993	-0.036519064617636543	-0.0080616450385939675	0.0020521650303704452
54.0	-0.0055917292031164578	-0.0040356091997926224	-0.039649227900633965	27.52231754724129	0.9965529435280287	-0.0086786648809922262	-0.084070112116569451	-0.01116535363013238	0.00049604502704665308
55.0	-0.001318617177024306	-0.0066575077618347134	0.032989530681696744	27.525946447734352	0.9999953016405736	-0.017447340195036132	-0.039361287097663622	-0.019527672636605375	0.0058349356118571017
56.0	-0.0017819547665833824	0.0018175001445104311	0.022610528789431816	27.402949039324369	0.9965529435280287	-0.013858101936170986	-0.024464323393704968	-0.012470069061822908	0.0022354807007631582
57.0	-0.0038440375245176739	-0.0013349936894058168	-0.083865582550132656	27.416336029558792	0.9999953016405736	-0.020517030350269083	-0.11494420704191177	-0.020446598006742311	-0.00027356313434864684
58.0	0.0019598730069625425	0.0025687988502429704	0.087393229390565486	27.301186068036383	0.9965529435280287	-0.023243099304262271	-0.030106112273336816	-0.02449456140199735	-0.00088248897762908875
59.0	-0.0061707438497076161	-0.0064874974783182271	-0.055423453834975378	27.417333155333317	1.0034517548313977	-0.020089818752011102	-0.067034670657852624	-0.019996429476213828	-0.000565735349018568
60.0	-0.00065112056440774779	5.6568620261376878e-06	0.032781705941310912	27.252962921968425	0.9999953016405736	-0.019927586416600196	-0.012478879155621181	-0.020584027198413457	-0.0012225127754523749
61.0	0.0060032198984447671	0.0020303089068798297	-6.2699696018242435e-05	27.270989273179133	1.0034517548313977	-0.012093343365692011	-0.0032259691787552836	-0.015242668257056113	0.0027503982161124598
62.0	-0.0004427830820212808	0.0040078992472434294	0.023994879877323294	27.161580502404089	1.0034517548313977	-0.004049834918655959	0.060418138599201976	-0.008453651200719392	-0.0017002841131521884
63.0	0.0015798092897569838	7.7187512118825907e-05	-0.026621920576512803	27.15959711623595	0.9965529435280287	0.0026848603552975803	0.00080668734099242911	0.0025225370022572413	-0.00019766233551404364
64.0	0.0043583305004664119	0.0054503511422361317	0.032144077754044487	27.050832336837097	0.9965529435280287	0.0063177113530232809	0.010340236305605099	0.0035305417030813135	-0.001289682977283633
65.0	0.0058665132215822702	0.0020277008061895252	0.014579997429651881	27.35549452070623	1.0034517548313977	0.0096804058486186229	0.10878581628538964	0.013606121219766454	0.0025491294381091096
66.0	-0.010954134823668804	-0.0049485513726039709	-0.063279164760816409	27.486189776395324	0.9999953016405736	0.0021630556257716815	-0.041886577865992258	0.0048189625653998203	-0.003456454012955832
67.0	-0.00022996682736264873	-0.0028031552304310647	-0.019495274795849671	27.568758404358586	1.0034517548313977	0.0058473978736588439	-0.0059583988268665511	0.0099222724585918964	-0.00088326560988745331
68.0	-0.0091152671986363121	-0.0097014973677387317	0.039845427210496887	27.799025385189829	0.9999953016405736	-0.0038597563561060255	0.001105322442319423	-0.0019504962703300599	-0.00029703544078505176
69.0	0.0026200986862647824	0.0015449193015650842	-0.056691145282579125	27.857929617518732	1.0034517548313977	-0.004345145961420771	-0.05552312314424146	-0.0023892102517162339	0.00077814394391477395
70.0	-0.0019906035313039805	-0.0023354957250159014	0.056125325184468	28.091406290173929	0.9965529435280287	-0.010688540933680102	-0.023392677837096754	-0.0049424206985630992	0.0011230361376267626
71.0	0.00043354170393961056	0.0020823715528723863	-0.061630012942933243	27.941856064176253	0.9965529435280287	-0.0086833568929265414	-0.058400770203517194	-0.006888880604824843	-0.00052579371130618885
72.0	-0.0057264071747054057	-0.0086621751093769461	0.062185805090454238	28.197978130900911	0.9965529435280287	-0.022795883144539619	-0.028359042867107442	-0.023279965754640086	0.0024099742233654469
73.0	-0.0020780151458683616	-0.00043497006696724405	-0.026306705341849979	27.987725284747942	1.0034517548313977	-0.025258554017696389	-0.069245745638609302	-0.027354153270087167	0.0007669291444641987
74.0	0.0030468411885644642	-0.0021989089132450346	-0.00084543311895290962	27.975549308396428	1.0034517548313977	-0.022508911558337452	-0.0068120139967458027	-0.026455562848122671	0.0060126792462738042
75.0	-0.0062240748214668074	0.003463780977394082	0.020040789993760688	28.207409638901574	0.9999953016405736	-0.016241975350512305	0.032724050792864556	-0.022154354801383613	-0.0036751765525870469
76.0	0.0038006231626073195	-0.0013867091370274309	0.0022641083960517339	28.256923821380777	0.9965529435280287	-0.0079271871198010047	-0.0048572680215805963	-0.00790656949693469	0.0015121557470475942
77.0	-0.0051625538143120764	-0.0011038278374368993	-0.024691942132607281	28.429850501932076	1.0034517548313977	-0.010575934258802988	0.027141935128391248	-0.01118953500653852	-0.0025465702298274177
78.0	-0.0064890803272075193	-0.0070912220512908686	-0.026659043210362832	28.349114623376707	1.0034517548313977	-0.015331660585077955	-0.055642433266439584	-0.018893727284516437	-0.0019444285057442679
79.0	0.0032848432897882862	-0.0034964428801869119	0.0098729903084993076	28.11350999158509	1.0034517548313977	-0.020910475018137253	0.015860569984992967	-0.019282885283859796	0.0048368576642309896
80.0	0.0031919408870602073	0.0037773839151058475	-0.0010717733549052699	28.252511624753044	0.9965529435280287	-0.0084709159936544598	-0.047397008460366541	-0.0094170214957440823	0.0042514146361854743
81.0	-0.010746436260520076	-0.0019722395691477157	-0.0059810145742982268	27.99133387397811	0.9999953016405736	-0.010008185495834931	-0.027071317692814789	-0.013797396929227768	-0.0045227820551868988
82.0	0.0012305523158029352	-0.0027494192825654462	0.019796789802124737	28.185215152732507	0.9965529435280287	-0.010558695865155343	-0.0064290947717371427	-0.005635424193478844	-0.00054281045681863383
83.0	0.00056648205787479533	0.00018411648499250255	-0.051710230128968249	27.839847542777328	1.0034517548313977	-0.013838360357556923	-0.07818011489446608	-0.004457393200237636	-0.00016044488393629974
84.0	-0.015306558474866838	-0.010272873045979569	0.032348753925488305	28.005086984129456	0.9999953016405736	-0.022724524266509061	-0.048095469365029508	-0.024373473780385124	-0.0051941303128235031
85.0	0.0077945403766370713	0.0027193905012403707	-0.00081859133608430668	28.160640364547671	1.0034517548313977	-0.018901305927831791	-0.024222118568506534	-0.015279704956701279	-0.00011898043742686649
86.0	0.001688042954267166	0.00061064719856251948	-0.034839779583387021	28.018559951804701	0.9965529435280287	-0.011199436677978403	-0.032402854941530723	-0.011287156400554554	0.00095841531827785525
87.0	-0.0073775993194142853	-0.0069485723137925337	0.022358223400057664	28.155920106716096	0.9999953016405736	-0.014651566111584025	-0.019917621849972367	-0.012489983263118898	0.0005293883126560781
88.0	0.00037368289292971646	0.0057626116162732277	0.028709690192287862	27.974519198337656	0.9965529435280287	-0.012666338410416644	0.0098638416972207654	-0.0098009489457255849	-0.0048595404106875724
89.0	0.0095190926020556343	0.0019605100002784148	0.016646446628104661	28.225671328578187	0.9965529435280287	-0.0087335888409905138	0.032491302899623653	-0.013717872927986985	0.0026990421910897669
90.0	-0.01759774030242589	-0.015494554032439156	-0.11649147617329836	27.796518253162507	1.0034517548313977	-0.021478723590864224	-0.10379696307579944	-0.023951135773765841	0.0005958559211030009
91.0	-0.0011918021001995349	-0.00044509131092018706	0.091352590549327872	28.017584244920876	0.9965529435280287	-0.022107931386776913	0.039265857602496679	-0.02827013197280337	-0.00015085486817634924
92.0	-0.0024795162409299021	-0.00079343531253983635	-0.022168554762609149	27.789911365078481	1.0034517548313977	-0.012628493653337181	-0.015251451085600776	-0.014695902840403452	-0.0018369357965663949
93.0	0.0097768012758423506	0.0062051059428074318	0.029643036789573474	27.633445488894058	1.0034517548313977	-0.0091427782117701195	0.015210177040057005	-0.010740879954911353	0.0017347595364684402
94.0	0.002018250516036213	0.0015155551841607995	-0.027442473856452487	27.77311974581578	1.0034517548313977	-0.0082378702261718395	0.022607482766991538	-0.0026094966908203343	0.0022374548683439677
95.0	0.004148051114910789	0.0075601742586126619	0.063531867050355517	27.892009078229915	1.0034517548313977	0.0062708763462333561	0.063781126417289391	-0.0020722234035308595	-0.0011746682753578778
96.0	-0.0076453262692819379	-0.0090382837462414933	-0.095862735875597682	27.751259806252289	1.0034517548313977	-0.0085300190162813649	-0.060791299650596153	-0.0058733367631831346	0.00021828920160149755
97.0	0.0020312677645608623	0.00023449189356550271	0.08135669110344379	27.85143141908501	1.0034517548313977	-0.010256037122994277	0.0039189448247429759	-0.0057936118775590018	0.0020150650725969861
98.0	-0.0077740526529379572	-0.00099662280843371143	-0.044258924626709106	28.013173081048762	1.0034517548313977	0.0042418941010111677	0.076151496371332228	0.0075957159725967838	-0.00476236477190717
99.0	0.0051376449789721779	8.9038978932087787e-05	-0.019844511802172393	27.731327744208983	0.9999953016405736	0.0047760243908634425	-0.035045605980168038	0.0058189481809369781	0.00028624122813284932
100.0	-0.0035922907615482114	0.0013416604474918437	0.059030853272655115	27.814556631098867	0.9999953016405736	0.0069111201508951225	0.046153802055096227	0.0075718295792157608	-0.0046477099809073196
101.0	-0.0029362252180777926	-0.0053351742291221083	-0.069224364672243466	27.517308399666554	0.9965529435280287	-0.0046291600210344175	-0.052713599406720713	-0.0045848828812737885	-0.0022487609698628934
102.0	0.0071065940841823494	0.0037132366401730899	0.066864759887545144	27.407728340909085	1.0034517548313977	-0.0024314785650221271	0.041593634337276919	-0.0065790700064003449	0.0011445964741463124
103.0	0.0025418588074219706	0.0040382193762689145	-0.021936119566260848	27.599458253243689	0.9999953016405736	-0.0059534334473658745	-0.043874352279339446	-0.0010861909076371745	-0.00035176409470070362
104.0	-1.0423766233946807e-05	0.00061278935812936197	-0.0084993577506278228	27.384806979916647	0.9965529435280287	0.0036976396570049808	0.043489025845630414	0.0024194834828843437	-0.00097497721906393575
105.0	0.0022053742750829386	0.0019515913939134322	-0.027127802393826617	27.275631221405387	0.9999953016405736	0.0054147391573529102	-0.064995467651639993	0.011002043418510077	-0.00072119433789439539
106.0	-0.0020537467475640891	-0.0048416864166820339	0.044317360435682129	27.122439504458402	1.0034517548313977	0.0015696755491045877	0.023580817410751242	0.0044365747068568773	0.0020667453312236341
107.0	0.0072210006070250188	0.007565482656802347	0.024592959157403449	27.208497909255957	0.9999953016405736	0.0090461192269748469	0.068018288370327085	0.0084906546346834588	0.0017222632814462768
108.0	0.0014586386837909249	0.0050991616485660529	-0.038200798499143929	26.978568115157746	0.9965529435280287	0.012803620428049056	-0.029213363401471959	0.016179543165790955	-0.0019182596833290033
109.0	0.003935970604906025	0.0013039314704701432	0.041336037786528168	26.868544869293974	0.9965529435280287	0.019442726127641308	0.081347039057299675	0.019690320247301996	0.00071377945110702955
110.0	0.0040270077122093184	0.005887956242437431	-0.015135533305324689	26.69665891621462	0.9999953016405736	0.021617445729905649	-0.00065325413557015821	0.021331442855027749	-0.0011471690791210547
111.0	0.010678139746263415	0.0036725902310559277	0.024270271983948266	26.771149559390775	1.0034517548313977	0.021251816584692662	0.045553137414638956	0.020848526868162631	0.0058583804360863093
112.0	-0.0063629726986635937	0.0012969245708631671	0.008371003456512538	26.682347702741353	1.0034517548313977	0.021935951797426467	0.062423498621779316	0.024375803886704794	-0.0018015168334403419
113.0	0.0019123243624266095	0.00087304616559302772	-0.0016175913370051198	26.770282467769427	0.9965529435280287	0.020857406569106063	0.087933709678600813	0.019732560118742137	-0.00076223863660692206
114.0	0.010539210964607415	0.010627058106375431	-0.016664351485770279	26.777093866123685	1.0034517548313977	0.036326151092163528	0.026951997757148405	0.030220211797731267	-0.00085008577837476318
115.0	0.007309746362764491	0.0075293920329291275	0.029735289692421452	26.851057025818665	0.9965529435280287	0.036290060468290308	0.032094328292166407	0.035078465431310102	-0.0010697314485394861
116.0	0.00013765698502754553	-0.0012758889184250055	-0.018962893609973719	27.057331271930575	1.0034517548313977	0.02991500990129925	0.051332233181336617	0.032248096051081809	0.00034381445491307668
117.0	-0.0013316125258573397	-0.0016531101197712061	0.017761338987759556	27.324638430547729	1.0034517548313977	0.0269579683110579	0.027757534382568005	0.028302275502873009	0.00066531204882685092
118.0	-0.0028972616669558082	0.0017118603134418375	-0.042523947511000637	27.27076410213866	1.0034517548313977	0.022781872382062307	0.00036912017689205712	0.027385089992420619	-0.0039438099315707749
119.0	0.0054122107737237801	0.0028648490173623919	0.0058056352436333114	27.413843917831482	1.0034517548313977	0.021974131168368771	-0.018095516563422898	0.019207913726389636	-0.0013964481752093637
120.0	0.00015338963567068653	0.0019743443158091178	0.06778723851016677	27.572896437232295	0.9965529435280287	0.022651550913314722	0.041320718490231334	0.023738146263260651	-0.0032174028553478107
121.0	0.010792190361831322	0.0045626492669561536	-0.092567361365140766	27.433791543286699	0.9999953016405736	0.026341154014677848	-0.049629051537904312	0.020723119692022118	0.0030121382395272996
122.0	0.0023876297748570696	-0.00060724376208876052	0.068301119318796344	27.693953507616573	1.0034517548313977	0.015106852146213656	0.035336419266662311	0.015888993981493904	0.0060070117764732447
123.0	-0.002319623487598399	0.00031700425600345028	-0.050263093330753739	27.799484365938941	1.0034517548313977	0.007894464369287979	-0.044661963756512879	0.0083426101513432993	0.0033703840328713299
124.0	-0.00066876901852763737	0.0018579833097651655	0.073239774581174144	27.937504304381999	1.0034517548313977	0.01102833659747815	0.047540704434634984	0.0069632726248824994	0.00084363170457846877
125.0	0.00858204001874463	0.0069342086937689285	0.0030189385806891345	28.063678249941155	1.0034517548313977	0.019615655411018285	0.032798304027564562	0.016350526009791366	0.002491463029554278
126.0	-0.014185427638597092	-0.012100414551776684	-0.026565592639788083	28.142021604750575	1.0034517548313977	0.0058033805457997634	0.048756658898777117	0.0047027636882053248	0.00040644994273383715
127.0	0.0088709113257285921	0.0052406050832707329	-0.011125393660184724	28.16889491212341	1.0034517548313977	0.0081791366117081044	0.031825629994959082	0.011079982355577611	0.004036756185191781
128.0	-0.0072997599306250383	-0.0048903837509504111	0.028528902984090276	28.301974894960267	0.9965529435280287	0.0013144085449485754	-0.0074327055311174117	-0.0016769094884490077	0.0016273800055170782
129.0	-0.0042525341448811371	-0.0020648660835753674	-0.077963375127717338	28.198803724855512	1.0034517548313977	-0.0053131068055829456	0.0071712807063060158	0.0032746180008713655	-0.00056028805578866604
130.0	0.00049954092168325026	0.0026915176185087208	0.059982585705991243	28.077791215993358	0.9965529435280287	-0.0020143454249854642	-0.0011472529064990855	-0.00063911977388997343	-0.0027522647526140756
131.0	0.0062419309367229836	0.0050489992424853636	-0.0081679732321919829	28.109493017798805	0.9965529435280287	0.0027176495614964491	0.04094786719206267	0.0030926852861175025	-0.0015593330583764408
132.0	0.0027934277885990344	0.00046941519463561399	0.006585522505907937	28.160423788206053	1.0034517548313977	0.0013290814463668976	-0.025706384883203537	0.00090681549371951498	0.00076467953558697417
133.0	-0.00093349276883381016	0.0028180590562933983	-0.027408927915373082	27.923979200928837	0.9999953016405736	-0.0027870681911086326	-0.056134251379265754	-0.0066275901491648082	-0.0029868722895403138
134.0	0.0068413584408162365	0.004394907368740153	0.048514272145258275	27.826264513575655	0.9965529435280287	0.013708253729408204	0.018945613405780604	0.0098787272235547618	-0.00054042121746420194
135.0	0.0076775933127080087	0.0038723072779878187	-0.024352170681371188	27.640865400440784	0.9965529435280287	0.01233995592412529	0.0057188363845941392	0.009855444289216031	0.0032648648172560351
136.0	-0.00392547607684679	-0.00073202730937738103	0.013874949945000159	27.883710452531989	1.0034517548313977	0.01649831236569832	-0.0089351166544959781	0.014046837602775364	7.1416049786596472e-05
137.0	0.0096838102945620008	0.0049176348865809238	-0.044727133028278132	27.591562429804156	0.9965529435280287	0.023480813335854611	0.024301125444943228	0.018182427829435355	0.0048375914577677096
138.0	-0.00099324551877311151	0.0003181818363473532	0.0033232037967938499	27.310998123017956	1.0034517548313977	0.021107477553693244	-0.032358256464254165	0.023004926997126862	0.0035261641026472193
139.0	-0.0061146527589681643	-0.0018876507475067417	0.01828553788088394	27.09320273659343	0.9999953016405736	0.014170827563701138	-0.0059047453511782422	0.014976736825205617	-0.00070083790881418835
140.0	0.0015931568976250698	0.004204415507012893	0.048839575574024074	27.389171447676709	0.9999953016405736	0.017905827876078417	0.036349307716937895	0.017362029947412871	-0.0033120965182021856
141.0	0.014184413778054239	0.010989374766186888	0.00087717109306439944	27.277605698752016	0.9999953016405736	0.026077143585971907	0.064635406725375377	0.028273800895083356	-0.00011705750633470207
142.0	-0.0043328335535339768	-0.0032784044939926371	-0.023760292839136721	27.479160071342235	1.0034517548313977	0.018403831723239117	-0.0076391582590196183	0.022284308343614834	-0.0011714865658760604
143.0	0.0071426018844067407	0.0050506820448401601	0.011645006143527592	27.512726323518617	0.9999953016405736	0.019582206490091458	0.028358018565879162	0.020193798857064182	0.00092043327369040813
144.0	0.0035694436957711684	0.00055621005336670137	0.0015439956598295446	27.740014790628784	0.9999953016405736	0.020870443852835541	0.016027064280708547	0.027402724644739029	0.0039336669160948785
145.0	-0.0086227206308362447	-0.0019524981120391249	0.014982030433751792	27.639474014656074	0.9999953016405736	0.014000310854215492	0.075736227742738471	0.014649904887851672	-0.002736555602702158
146.0	-0.01215216515894868	-0.01394154613888321	-0.060411671546307222	27.395634765325738	1.0034517548313977	-0.00025941712101507086	0.012001352399637399	-0.0012027326090340296	-0.00094717462276761434
147.0	0.0028956350658098096	0.0011386564641377994	0.045539219691705712	27.477699399723676	0.9965529435280287	0.0027668900906294702	0.039255034210459172	0.0026659404837827694	0.00080980397890436338
148.0	-0.0019646691169334929	-0.0039203410853161369	-0.027639210380777879	27.486426493709946	0.9965529435280287	-0.0053578665016995597	-0.037223751744342781	-0.0046017251546737192	0.0027654759472869397
149.0	0.0043112603520580883	0.0058323294233495471	-0.027331939952245365	27.584908193264674	0.9965529435280287	-0.010514911844536901	-0.065432862789652546	-0.0075624260171867075	0.0012444068759955372
150.0	-0.0017357917705387305	-0.0015008626416062043	0.088959823848078656	27.584085623436991	0.9999953016405736	-0.0087373699921504677	0.047287253897562831	-0.0095321013384843667	0.0010094777470630713
151.0	-0.0013932286906253033	-0.0036598804402272478	-0.066121004817981888	27.577137473037091	0.9965529435280287	-0.017447932477217876	-0.030478757063946649	-0.01695215845708975	0.0032761294966649405
152.0	0.0013190410061130198	0.0033926709443419245	0.021313065880957716	27.435071172889728	0.9999953016405736	-0.014611471586242653	-0.010709686842818478	-0.022987128681470681	0.0012024995584361128
153.0	0.0035621017346452177	0.0053420857546093714	0.0046642669719378915	27.29182804195846	1.0034517548313977	-0.0073168877195941562	-0.021027450304632378	-0.012293826893666759	-0.00057748446152809923
154.0	-0.0035276748654551326	-0.0042447403396894678	-0.0059367512396499844	27.143943923306598	0.9999953016405736	0.0023799180795995856	0.033447470002024859	-0.0028615715404074482	0.00013958101270624147
155.0	0.0019535261458432096	0.0038159576419383168	0.016090511864685242	27.034222218602693	0.9965529435280287	0.0050572192574001029	0.0039987621750043889	0.0019126018948345536	-0.0017228504833889152
156.0	0.0096759141819342531	0.0066210600042870826	0.025728744077204713	27.359049464703169	0.9965529435280287	0.015598620347003322	0.05736671663298698	0.015924423456045611	0.0013320036942584006
157.0	-0.0013059489222431164	-0.0022704419849561841	-0.0064207747871114496	27.483497847886198	0.9965529435280287	0.0074958489386975913	0.078277881798120896	0.006870213345415932	0.0022964967569713349
158.0	-0.011948585758711605	-0.0023920026856834031	-0.039936167148746371	27.303236017844256	0.9999953016405736	0.0066047088946203925	-0.050618109198704131	0.0062816236479379395	-0.0072600863160566997
159.0	0.0094122674445373811	-0.00081596069703371299	0.0058310826909970803	27.521071497556981	0.9999953016405736	0.0094486286378139273	0.021333978310274837	0.0089714364793220813	0.0029681418255142773
160.0	-0.0010305733994226962	0.0020752868355793375	-0.0033833112382408714	27.533541495476797	0.9965529435280287	0.0081312445290513402	-0.00336239880892375	0.013319547377786733	-0.00013771840948780724
161.0	0.0054913165486669691	0.0042305972086547072	0.029290461445591109	27.814151715910217	0.9999953016405736	0.007019755983096676	0.021263795664729468	0.012436097926878942	0.001123000930524536
162.0	0.0015766800611807241	0.0010857402916282233	-0.06007078748261363	27.910118303554771	0.9965529435280287	0.012350236614414367	-0.032870240578234178	0.016788224099475002	0.0016139407000770045
163.0	-0.016554982195542189	-0.0093487920896491161	0.00020686242178724612	28.035434413660788	0.9999953016405736	-0.00081451311717306574	-0.048753890021132174	-0.0010151992757674311	-0.0055922494058159404
164.0	-0.0029135712694978722	-0.0055918189843955357	0.025754072236315206	27.869704382463571	1.0034517548313977	-0.013027392105855684	-0.04872856186202168	-0.018169556354421079	-0.0029140016909184828
165.0	0.0018195238747793496	-0.00028284343239048937	-0.031431203275565922	27.995725742578216	0.9965529435280287	-0.011039793553289989	-0.073738990350476152	-0.012234296413666357	-0.00081163438374858606
166.0	-0.0027658414059135161	-0.0016491728183483101	0.018868830863959962	27.990605893795038	1.0034517548313977	-0.010296963685954896	-0.014933992337769819	-0.0097231241949127245	-0.0019283029713138375
167.0	0.0083215851752900249	0.0057252327305830075	0.01467373324775445	27.820143640144458	0.9965529435280287	-0.0037557702583381758	-0.0060913417810124493	-0.0048173339999486586	0.00066804947339326565
168.0	-0.0033933307877540564	-0.0014706516549241044	-0.0056666536144149848	27.637986353082006	0.9965529435280287	-0.0073017087488416177	-0.0083746841571865627	-0.0098379831072570312	-0.001254629659436777
169.0	-0.0079030539940212474	-0.004988487101457828	-0.058690888035968003	27.680404376897688	0.9999953016405736	-0.016520793058954153	-0.096356033638745675	-0.020485590155275402	-0.0041691965520000065
170.0	0.010649771843186828	0.0049886514902872658	0.089344294685006043	27.976473847983478	1.0034517548313977	-0.01261788186029511	0.053059048528873998	-0.017681313877302207	0.0014919238008993705
171.0	0.0076932240736706792	0.0065045723377259446	-0.0075474234280157315	28.03742803582626	1.0034517548313977	0.0032354825670799503	0.04530476267907102	0.0049562024422764583	0.0026805755368441149
172.0	-0.0011646554528996766	0.00014081856214076538	-0.041694792038023731	27.970114316243844	1.0034517548313977	0.0089681201136162514	-0.022144101595267918	0.0093440336712635741	0.0013751015218038097
173.0	-0.0027556367396877057	0.00035627208693744805	0.0076308872136356953	28.117894491219968	1.0034517548313977	0.0096072356329441888	0.0169179888939337	0.010752138743092665	-0.0017368073048213413
174.0	-0.00211930780071512	-0.003220504827978532	0.05554169606871695	28.061727929265668	1.0034517548313977	0.0080359036233139669	0.053590854098690688	0.0063045278979088071	-0.00063561027755792087
175.0	0.0080460088230647209	0.006074098567561137	-0.038157280562314932	28.060600547056822	0.9999953016405736	0.0083847694602920964	0.00075984028862130515	0.0095058972773605088	0.0013362999779455932
176.0	-0.0024513776709735868	-0.0025848326655701914	0.028014485852704274	28.154896588998472	1.0034517548313977	0.0072705884496460094	0.034440979755740564	0.0087415170760676286	0.0014697549725421104
177.0	0.0044936151014016712	0.0035100519452306855	-0.05777605240154382	28.060637137106156	0.9965529435280287	0.015769127496334523	0.035355815390164747	0.017292913413356814	0.0024533181287131152
178.0	-0.011529432495426928	-0.0083587158757152391	-0.019279165246496976	27.742796209323487	1.0034517548313977	0.002421760130332018	-0.073267644541338273	0.0079181783005120021	-0.00071739849099839001
179.0	-0.0043894029809639079	-0.0016446836159449418	0.029564899754321639	27.902052639780269	0.9965529435280287	-0.0057274958233388684	-0.036155321359000903	-0.0033241745957595104	-0.0034621178560175041
180.0	-0.0040657287612178017	-0.0058735247185059958	-0.0087064612280984832	27.861078180229946	0.9999953016405736	-0.01174183910398563	-0.0031669905490756545	-0.0094133413049009018	-0.0016543218987293822
181.0	0.0023049904401912791	-0.00065019533249377481	-0.006193091611456536	27.995945378381712	0.9999953016405736	-0.012748306523416852	-0.016990969374167886	-0.012567091577202483	0.0013008638739556808
182.0	-0.0040992528103536152	-0.0046111571743292501	0.011937000194155667	28.18171324612527	1.0034517548313977	-0.014138958869767571	-0.060595665248729169	-0.015801111379363242	0.0018127682379314169
183.0	0.0049372745834894705	0.0013284862563645028	-0.035683721930799939	27.869661754487471	0.9965529435280287	-0.018884571180964205	-0.058122106617214175	-0.015302424903689271	0.0054215565650563447
184.0	-0.0016755552826406284	0.0034604770015758124	0.093667641768829135	27.835374534425462	0.9999953016405736	-0.012839261513818201	0.0075310492989106859	-0.013434277216477497	0.00028552428083987956
185.0	-0.0042180409701146893	-0.0045285444969744848	-0.080724449340506821	27.759083845062811	1.0034517548313977	-0.020877857956023371	-0.015417347640052315	-0.022186867087389484	0.0005960278076996854
186.0	-9.6274597029211151e-05	0.0009317595709417148	0.028162804261994134	27.956123518599064	1.0034517548313977	-0.011587382509366417	0.032024621868438796	-0.012648250846679865	-0.00043200636027123615
187.0	0.0035422902498316589	0.0040988845687914832	-0.012114395323444382	28.10501209267607	0.9965529435280287	-0.0058438143246299923	-0.0096546732093272247	-0.0062848626106626337	-0.0009886006792309296
188.0	-0.0057447131735317569	-0.0086381874977483619	-0.026610469652325053	28.201090169696609	0.9965529435280287	-0.0086084771038723584	-0.027558681633553794	-0.0071769771844949481	0.0019048736449856262
189.0	-0.0044862045267339834	-0.0034426145332593361	0.012173481038838307	28.149703374589233	1.0034517548313977	-0.01140089630463792	-0.0091921089832589509	-0.012491442606845649	0.00086128365151092866
190.0	-0.0053157073487313244	-0.0039493664450105381	0.010907837807749621	28.338097174209469	0.9965529435280287	-0.010739105575319208	-0.010221271369664997	-0.010140522298034194	-0.00050505725220985082
191.0	-0.0066670643045634304	-0.0045413306125441366	-0.00070588453237707682	28.148508479399666	0.9965529435280287	-0.016608922444227847	0.024756566028757865	-0.019858705989010961	-0.0026307909442290851
192.0	0.003113503775977966	0.00078258480991855173	0.013688310232373491	28.193403658669816	0.9999953016405736	-0.019286814635885108	-0.05522276550769778	-0.021575501845642941	-0.00029987197816961898
193.0	0.0022615588115308949	0.0029143541341631884	-0.044131995183126493	28.290718428303038	0.9965529435280287	-0.011843916004747435	-0.018630311350317452	-0.0045189493137547387	-0.00095266730080193276
194.0	-7.8597384531864378e-06	-0.0040188837009229594	0.017968645257364413	28.454643606280897	0.9965529435280287	-0.016794559276612109	-0.028824470354947174	-0.019036739121654822	0.0030583566616677322
195.0	-0.00028952850927654872	0.00046106048848293391	0.028819774012494026	28.707701721648828	0.9965529435280287	-0.020432383356920658	0.012109698980991235	-0.016549280913591868	0.0023077676639081863
196.0	-0.0072947671802245928	-0.0024960370009023958	-0.071765292758615429	28.356664532126622	0.9999953016405736	-0.014290232860074692	-0.033045124125299141	-0.014895694423316952	-0.0024909625154138962
197.0	0.0033782010567682264	-0.0019566842277549679	0.023098482970380418	28.277282627039941	0.9999953016405736	-0.012804302554570324	-0.02212012219375703	-0.012037412190533114	0.0028439227691091822
198.0	-0.015147838522628465	-0.01091023689214321	0.047965487230647863	28.377839636819409	1.0034517548313977	-0.019765173001702996	0.014937527229141212	-0.019463303408646437	-0.0013936788613760484
199.0	0.0073556110819934517	0.0056375293589365771	-0.0060196814691813039	28.246793301833229	1.0034517548313977	-0.0095863130302222821	0.009623730292336985	-0.007226688912429502	0.00032440286168097001
200.0	-2.4800783284817385e-05	-0.0026310039774093408	-0.071649712530833076	27.911799347646451	0.9999953016405736	-0.012999901817550175	-0.075714292470869582	-0.0079851280029739069	0.0029306060558053847
201.0	-0.010635816507820417	-0.0052082970892264324	0.0621915138028315	28.163618826464219	1.0034517548313977	-0.021122553040939795	0.030609216515088411	-0.024752749422443987	-0.0024969133627884849
202.0	0.0060393497516924022	0.0031516077441366974	-0.030052498472058709	28.122177424858556	1.0034517548313977	-0.013952061595880139	-0.01741192721433471	-0.010999334092185453	0.00039082864476708984
203.0	-0.00041983052550542688	0.0027255145164175598	-0.030790426785693326	28.175974953793052	0.9965529435280287	-0.011687607567945513	-0.077022128012522062	-0.014238214748033107	-0.0027545163971558766
204.0	-0.0064584384498946878	-0.0044827835076122202	-0.018919978759743827	28.188103922870209	0.9965529435280287	-0.013674354074655337	-0.024176814013650461	-0.010136776436482586	-0.0047301713394382622
205.0	0.00078593807575888519	-0.0063481777770713066	0.066554030305761014	28.027788487329701	1.0034517548313977	-0.018065847623971676	0.019278733321730135	-0.018570254721880453	0.0024039445133918771
206.0	-0.007685703492627427	-0.0053505377901998941	-0.0073899300011943669	28.249140334201201	0.9965529435280287	-0.01250614852202836	-0.036076683910112095	-0.014575046433932926	6.8778810964298032e-05
207.0	0.0026713496374253243	0.0047439095646018004	0.0076570592790634606	28.285635727543415	1.0034517548313977	-0.013399768316363136	-0.022399943161867331	-0.019571528135620575	-0.0020037811162120938
208.0	-0.01132990186827576	-0.0094678905254146351	-0.01984582622207598	28.290439826138922	0.9999953016405736	-0.020236654864368431	0.029403943146889766	-0.026225925344732781	-0.0038657924590732467
209.0	0.009064249985071493	0.006176686308663859	-0.010812068915315054	28.050021363196599	1.0034517548313977	-0.0088516714664781393	-0.043599639571256787	-0.010389677103516126	-0.00097822878266554873
210.0	0.0039142878173423767	-0.0003342953803753268	0.01194618379987733	28.040713435215157	0.9999953016405736	-0.012337574590990164	-0.0016009572993207488	-0.018250558440513709	0.0032703544150520735
211.0	0.0062340529943227807	0.0085237511049209846	0.022610448563846308	27.880944585089093	1.0034517548313977	-0.0065393380024867387	0.051799918050218885	-0.009625185887833565	0.00098065630445377805
212.0	0.00056856982195641059	0.002457496696747663	0.061828276240807112	28.294719041668454	0.9999953016405736	0.00040094220187314455	0.13254817305076982	0.0016033381881641606	-0.0009082705703374141
213.0	-0.0030988638688196346	-0.0023696819480820697	-0.1289813185185007	27.935774516772032	0.9999953016405736	0.0043794380308623815	-0.062987175773491888	0.0050138191814006472	-0.0016374524910750528
214.0	0.0071547721868443492	0.0052594979455782287	0.079168146854421195	28.183146090628842	1.0034517548313977	0.014989473766640504	0.023570901082123674	0.013167215969449808	0.00025782175019116389
215.0	-0.0087427674843794101	-0.0047147809909366956	-0.037527415835285405	27.944028267571174	0.9965529435280287	0.0055307832111020083	-0.021613574032225191	0.011541420385188683	-0.0037701647432516402
216.0	0.014731816428091182	0.007684895769280331	0.069511940104033165	27.895413310333769	0.9999953016405736	0.022683569505796974	0.067744192293883954	0.025689336662373385	0.0032767559155593047
217.0	-0.0024047223151248964	-0.00035403729864436073	-0.0056908761497385107	28.216093151652391	1.0034517548313977	0.016152845898488755	0.072865385059460497	0.015705498534743567	0.0012260708990786753
218.0	0.014171124750295361	0.012487040641242064	-0.018975919952260556	28.052131905749444	0.9965529435280287	0.028974181920106146	0.041943281307322611	0.031454440983299747	0.0029101550081319988
219.0	-0.010204711801127697	-0.0059215187187817708	-0.005585236103254676	27.889939386163856	1.0034517548313977	0.01452891209640339	0.013747596640221627	0.011563555211114407	-0.0013730380742138105
220.0	0.0061560653624970207	0.0027001513043400927	-0.0093101682580787326	28.077381859750222	0.9999953016405736	0.01477156670399582	-0.057390847858664218	0.011178348353793277	0.002082875983943007
221.0	-0.0082856165052440645	-0.007878889366014441	-0.031979762116745913	28.19407925917481	0.9999953016405736	0.0092623592860634485	0.039610708543090567	0.011481245676500995	0.0016761488447134254
222.0	-0.0069328230125766943	-0.0015211985050709309	0.063652994371719895	28.315263205975398	0.9965529435280287	0.0024816628354142889	0.024095556060389267	0.0045938120145088135	-0.0037354756627922163
223.0	0.0083647793109373758	0.0042663459629657119	-0.083390057550653651	28.366548504758377	0.9999953016405736	0.011462789789316696	-0.021767085654978979	0.010803853604563374	0.00036295768517945247
224.0	-0.0010370027753408007	-0.0014418450497606372	0.049162957210825864	28.569590387319963	0.9965529435280287	0.0023360489702757281	-0.042116068548186281	0.004369170768362407	0.0007677999595992398
225.0	-0.0015136045991182012	0.00065503989964321718	-0.00028005811292941551	28.573504856683897	0.9965529435280287	0.003345126168563306	-0.036705250511377185	0.0031772567769299265	-0.0014008445391622446
226.0	-0.0034412596016160091	-0.0039645110550605711	-0.037535397636105472	28.476009507495732	0.9999953016405736	-0.013106425527739329	-0.055264728195222101	-0.0099870558879024962	-0.00087759308571764964
227.0	-0.0046702116555175088	-0.0066106139553472332	0.001774299034922544	28.403999646401143	1.0034517548313977	-0.013795520764304792	-0.047905193057044881	-0.013389465686505453	0.0010628092141121127
228.0	0.002707107390056418	0.0038623073259635987	0.040567696933428987	28.640155601316351	1.0034517548313977	-0.012633364742681286	0.0019726721344628384	-0.011607106379938559	-9.2390721795097759e-05
229.0	-0.0061532342678820573	-0.0037975328473651704	-0.03354056243745851	28.588572725860057	0.9999953016405736	-0.008552008224032015	0.00041187181375024196	-0.010740312496441362	-0.0024480921423120452
230.0	0.014984164938273148	0.011094938041574576	0.100891782369948	28.62475145798318	0.9999953016405736	0.0040641283226134917	0.037650659811978349	0.0063601906816455056	0.0014411347543866026
231.0	-0.0018213161852098647	-0.00093528128254716236	-0.052013695901879986	28.891000172090699	0.9999953016405736	-0.0011374989228993826	0.069027021460752014	-0.0015793898388660743	0.0005550998517237848
232.0	0.0036505750754640687	0.0035985261404982705	-0.01359228096269538	28.905265574822575	0.9999953016405736	0.0039028722673595251	0.0062717832872307699	0.0029393779266106979	0.00060714878668957954
233.0	0.0036864048980462805	0.004060216955627638	-0.023889378860919352	29.032559517238465	0.9965529435280287	0.0073080493233439459	-0.017337537460759167	0.0039109330621756033	0.00023333672910821584
234.0	-0.0014893180831310193	-0.0023500678271601849	0.022027568432964273	28.835955627900024	0.9965529435280287	0.008922492551244332	0.042225428608310578	0.0033035505878651339	0.0010940864731375547
235.0	0.0046784913369730674	0.0064694503810374115	0.012377376666769191	28.857703631818229	1.0034517548313977	0.022002556887628977	0.052828506240157225	0.022192906937334556	-0.00069687257092681143
236.0	-0.0058051518637716182	-0.004399827323884109	-0.037855793141670313	28.775880787067734	0.9999953016405736	0.013740422237781269	-0.025594983834942076	0.012093816439482596	-0.0021021971108143838
237.0	-2.3855989670362732e-05	-0.00031852249326447257	-0.091720090186632408	28.625162360011444	0.9999953016405736	0.017219432591881967	-0.083774511584115974	0.01946984919319128	-0.0018075306072203765
238.0	-0.00032351707123434714	-0.0048248923608460448	0.060173419675941808	28.660710284925337	0.9999953016405736	0.0012996021894613463	-0.12449287427812217	0.0040804881956015837	0.0026938446823914237
239.0	-0.012430138644118793	-0.0048199201348364529	0.048555663808862004	28.662040245984336	0.9965529435280287	-0.0025850366628279442	-0.023923514567380177	-0.0018950818292586824	-0.004916373826891
240.0	0.0026517506397707447	-0.003581704838091504	-0.032391334702917884	28.574602592038399	1.0034517548313977	-0.0097652676414177186	-0.042722568307602682	-0.0098594305955066464	0.0013170816509713204
241.0	-0.0086731531419181884	-0.0038417656348543883	0.046757381534240583	28.447458329442835	0.9965529435280287	-0.017667250231899745	0.027924192087557254	-0.015249520811026152	-0.0035143058560924392
242.0	-0.0019559300085132403	-0.0015501106257587161	0.010972690127973639	28.360099706287677	0.9965529435280287	-0.016867293030498276	0.01686931378256662	-0.010828876216425254	-0.0039201252388470307
243.0	0.0081492537606666637	0.0066817337577507185	-0.0017141821464867757	28.246791921287485	1.0034517548313977	-0.016655009653784969	0.0027777549693106529	-0.013763903334786498	-0.0024526052359311475
244.0	0.0065061492770570606	0.0046810505425107785	0.0033173151435483827	28.129804396933526	0.9965529435280287	-0.0075741317873900815	0.043950863254529349	-0.010015532594157994	-0.0006275065013846609
245.0	0.0013912833425451243	-0.0010161778064836646	-0.030840835271118028	28.309542493483203	0.9999953016405736	-0.0082717871006092736	0.10483011817004373	-0.011683008504619119	0.001779954647643965
246.0	-0.0040123035573369492	0.0019059766331837036	-0.0052135639797037392	28.272884799540837	1.0034517548313977	-0.0015409181065795252	0.039443134514398182	-0.0011529063554922558	-0.00413832554287659
247.0	0.0090250942710208282	0.00080771579096983182	-0.0065137707633378117	28.213964484962442	1.0034517548313977	0.0040867178192267595	-0.015626300057801634	0.0059437982958554514	0.0040790529371742771
248.0	-6.2888194660715158e-05	0.0011806352529799558	0.023320888543071128	28.028624342988092	1.0034517548313977	0.0088490579102982192	0.040085923188187378	0.0061418756138478248	0.0028355294895337025
249.0	-0.0034444157198962877	-0.00028585737785880028	0.0040156120529692974	28.244694110594995	1.0034517548313977	0.012404966167293807	-0.0026558462930839077	0.019905555902645977	-0.00032302885250372142
250.0	-0.0017176724905760832	-0.0013334883255782248	-0.0070417949281136316	28.444586745258526	0.9965529435280287	0.012621588467474298	-0.020670331349171178	0.011964575126581778	-0.00070721301750159777
251.0	-0.0013468067361703806	0.00026935759868984555	-0.025022887559295048	28.567690856406671	0.9965529435280287	0.0062092123084134254	-0.043979036761979451	0.0073354837702597209	-0.0023233773523618118
252.0	0.0078692063084282449	0.0041130090826317911	0.070387561118304687	28.902341725908411	1.0034517548313977	0.0056411708485344381	0.023091209212776853	0.0058081994475991383	0.0014328198734344698
253.0	0.0075156886629830222	0.0087808668537874279	0.0033792185801431174	28.822977051449961	0.9965529435280287	0.015438215508805531	0.057311263064037998	0.022192267788868403	0.00016764168263022158
254.0	0.00093592801113029367	-0.0023370665807536106	-0.061862382721312947	28.554864829990244	0.9999953016405736	0.011195172294868216	0.00066244432242879014	0.0080975589113887469	0.0034406362745141666
255.0	-0.0026606789386862673	0.0024519904927418068	0.056904641141477086	28.459865774674725	1.0034517548313977	0.012839446996640191	0.064080856227243688	0.0075138347523859839	-0.0016720331569140619
256.0	-0.0016619454227311259	-0.0046690989032605046	-0.013108344871757716	28.731262780357945	1.0034517548313977	0.0069897128403997311	0.027651622812414844	0.0082132195467126135	0.0013351203236153153
257.0	0.00043244742393544477	0.0018562174492173789	-0.011409391309336048	28.763579538886191	0.9965529435280287	0.0091317876674759102	0.012226619450109499	0.0037397988724272579	-8.8649701666579993e-05
258.0	0.0024388026372670346	0.0044139929719213544	-0.041250224072098662	28.852158845777851	0.9999953016405736	0.014879268964975489	-0.021981809693875531	0.010244532984137411	-0.0020638400363209384
259.0	0.0014475563364566568	-0.0052514382535837623	0.0085338592657300261	28.78461190759085	1.0034517548313977	0.0093584731127018816	0.011574937131149543	0.0094700961121738647	0.0046351545537194764
260.0	0.001291687617716919	0.0052455555955557287	0.026711233583206262	28.586063599730654	0.9999953016405736	0.010491019625625819	-0.032101390403948882	0.013054942498123445	0.00068128657588081235
261.0	0.0028232604278894957	0.0019932347139173245	-0.015953537003720042	28.333112938689418	0.9965529435280287	0.0037033874857557159	-0.051434145987812041	-0.0057610792994655657	0.0015113122898528313
262.0	0.0023120336196260638	0.0064270182833301437	0.030486399371324024	28.351929431068164	1.0034517548313977	0.01246747234983947	0.040914636104824931	0.010468054628766321	-0.0026036723738510755
263.0	0.012386661905185781	0.011543727410359139	0.037306096320860904	28.259030225962825	1.0034517548313977	0.021559209267456803	0.021316091284208749	0.020626177953378511	-0.0017607378790245661
264.0	-0.00080442181818107805	-0.00277017416113301	-0.069085491701474044	28.346214371220029	1.0034517548313977	0.023458134009584297	-0.03466105554550758	0.022546787896046583	0.00020501446392734519
265.0	-0.0045343339071484134	-0.002905235847018961	0.068323427994533059	28.268813250509499	1.0034517548313977	0.018696680713347957	0.045071763758361527	0.017612951970211288	-0.0014240835962020008
266.0	0.0091638610544895194	0.0062728898269439615	-0.071649624846119586	27.946831195924538	0.9999953016405736	0.020555577568370564	0.014672362984340603	0.023425601107835536	0.0014668876313434357
267.0	0.0055419250554777921	0.0059406918238773532	0.062233616546989445	27.802110996900957	1.0034517548313977	0.03174770764583168	0.068372120265600023	0.029533724637476944	0.0010681208629439417
268.0	-0.00036316812580938773	0.0026112103806670284	-0.019700736461575996	27.779073272038097	0.9999953016405736	0.029113362430942979	0.021960150220817765	0.02894351230331238	-0.00190625764353243
269.0	0.0061244168627185847	0.0037480513468237664	0.030188642516894904	27.648695199302047	1.0034517548313977	0.030868179063849421	0.06810232974143271	0.033263537899130613	0.00047010787236232636
270.0	0.0010886359199437923	0.0015489366906435986	-0.021357556717958692	27.827966164875637	0.9999953016405736	0.025990097471162876	0.016258373652149993	0.02979277799273139	9.8071016624697323e-06
271.0	-6.4319416743785496e-06	0.0004031610586101575	0.023787336026880324	27.698907560724013	1.0034517548313977	0.014849531119413895	0.0027396133581694126	0.016939220262614185	-0.0003997858986220439
272.0	0.0082263269111249038	0.010625737293540327	0.007238053833072744	27.750962823106232	0.9965529435280287	0.028245442574087232	0.079063158892716201	0.035062567306399117	-0.0027991962810374831
273.0	-0.0065812306717691893	-0.0073446267010621735	-0.0068644723051300982	27.996543496138955	0.9965529435280287	0.023806051720044019	0.0038752585930530437	0.022967879908506683	-0.0020358002517445236
274.0	0.0055490387534928853	0.003000454198801572	0.020837453284058727	28.108763969909141	0.9999953016405736	0.02053361609190163	0.096362336723231357	0.019976928593470999	0.0005127843029468774
275.0	0.011026684739187553	0.0090687938105407095	-0.011014500286007145	28.350438022454092	1.0034517548313977	0.023661718078564986	0.023114219890234766	0.02754791796731948	0.0024706752315938065
276.0	-0.010427337762588307	-0.0055926782473261216	0.00098358419001765007	28.223493069522615	0.9999953016405736	0.015457829450571836	0.043798540541828412	0.013120704548895468	-0.0023639842836684624
277.0	0.0043601723619133281	-0.00096959684524655643	0.0029024333684619652	28.304211007115704	0.9999953016405736	0.010740181258501513	0.016512331393395474	0.0102487147138135	0.0029657849234915093
278.0	0.0012618093512077877	0.0037825556215862477	-0.004628860767259102	28.357625439285712	1.0034517548313977	0.012973800189444162	0.033241027344095064	0.0085818097780323566	0.00044503865311296484
279.0	-0.0096667694054988207	-0.0061276879839660126	-0.011720320124859906	28.392600171658906	0.9965529435280287	0.0064429511468679923	-0.0022666288076451657	0.0068016267523685059	-0.0030940427684198425
280.0	0.0095625139869242037	0.0056804992263455034	-0.016730811973246329	28.355764672531603	0.9999953016405736	0.0014977130796731686	-0.026235494613964239	-0.0040652754924404011	0.00078797199215874269
281.0	-0.00085405920101067068	-0.0022243664717582767	0.069945172600754946	28.753815813525517	0.9999953016405736	0.0066179733089770654	0.050574150291920805	0.0093157017977927303	0.0021582792629064916
282.0	0.0047775632620754571	0.0062916183462644604	-0.028297559993668786	28.641188924361348	0.9999953016405736	0.0099091374564399537	0.0014391370141932924	0.012733262703964465	0.0006442241787174962
283.0	0.0091823228080774033	0.0041757607235568539	-0.058210830452436024	28.722902671778588	0.9999953016405736	0.0050161043694560981	-0.045757193152235587	-0.00096997122524400403	0.0056507862632379988
284.0	-0.007605769129734874	-0.0027070826043154028	0.077481323713795458	28.868799109959113	1.0034517548313977	0.0079017000124668169	0.030740546371542221	0.0097550632796701287	0.00075209973781844458
285.0	0.0035930063850324601	0.0021702843569171293	-0.0041632203487813602	29.194086566473228	0.9965529435280287	0.011041581214630503	0.023674892654298896	0.014331664968909141	0.0021748217659338762
286.0	-0.0090160943331938359	-0.0068681304732709503	-0.065585528142093619	29.327185992235592	0.9999953016405736	0.0003908951197733046	-0.037281774720535621	-0.0030101357857641453	2.6857906011058983e-05
287.0	0.008027138572989756	0.0056659475877762766	0.027937377963117349	29.12896361552713	1.0034517548313977	0.012184530691515594	0.0023759233674416347	0.011217831598728356	0.0023880488912244183
288.0	-0.01291379311717944	-0.0046886927958851299	0.0045001906030439631	28.962031255311267	1.0034517548313977	0.0018153386692849605	0.023606925943731927	0.0014189209525241608	-0.0058370514300699486
289.0	0.0010776631025530836	-0.0026699487303147862	-0.03510971238245264	28.692359803127072	1.0034517548313977	0.001369756410728451	-0.081447959039475659	-0.0006249252292984675	-0.0020894395972019344
290.0	0.0086987009538004312	0.007496861442256586	0.024175686607524449	28.477358677445149	0.9965529435280287	0.0025749995067205766	-0.028974712438282424	0.00054263149681443856	-0.00088760008565815169
291.0	0.0014324335860851356	-0.00068303492636934138	-0.048895391733314364	28.114671750927222	1.0034517548313977	-0.0022837961432056186	-0.019659273719160764	0.003207288428636268	0.0012278684267962902
292.0	-0.0028398920941758998	-0.0020709115568922076	0.061284698816980399	28.34024224509411	0.9965529435280287	-0.0016476250957824234	-0.035855898615975823	-0.0020207087204930918	0.00045888788951257021
293.0	0.0094916633521964222	0.007306286654034988	0.069651296258716799	28.778962871760072	0.9965529435280287	0.0034883772013354353	0.037958617991522337	0.0078651676429868367	0.002644264587674043
294.0	-0.0060801441528992584	-0.0043055973945644865	-0.1046134787591777	28.688595905284142	1.0034517548313977	0.006050910280041899	-0.0010693326255617475	0.010458294539840374	0.00086971782933931261
295.0	-0.0022912942744137688	-0.0019267557262920842	0.046326539345350914	28.952581070931995	0.9999953016405736	-0.0015417930340264618	0.017319828756671818	-0.00040631665333479283	0.00050517928121761161
296.0	0.0064642298498656103	0.0073228734228316661	0.020593278923340508	29.264296835976921	0.9965529435280287	0.010469773184690334	0.033412917076968363	0.012109629824673451	-0.00035346429174838262
297.0	0.0039477729270251949	0.0031949394878902915	-0.0081747204229325465	29.540346059836388	0.9965529435280287	0.016334661402895412	0.060347909036488456	0.014093158936732131	0.00039936914738647678
298.0	-0.0058480113881325124	-0.0074698325895414808	-0.031199642407441663	29.330920029276999	0.9965529435280287	0.001367967371097345	0.0049725800215223437	0.0017918409243491418	0.0020211903487953693
299.0	0.0079174950554030676	0.0080983213178547064	0.014196429685579881	29.547898891707263	0.9965529435280287	0.010149323615321393	0.068064401440416589	0.0075273526177230821	0.0018403640863437752
300.0	0.00026565120699295619	-3.6939783403910909e-05	0.031891911548988183	29.466509785992066	0.9999953016405736	0.01218329538880969	0.038671614172424373	0.013876608046888395	0.0021429550767406015
301.0	-0.00090851922060442014	0.0018191134401970288	-0.065458391206093536	29.567911814920347	0.9965529435280287	0.0066961221749717303	-0.096438073292385962	0.0038746790296542155	-0.00058467758406078642
302.0	-0.0028194857029935072	-0.0017105880727110723	0.018603356737505905	29.73629636899399	0.9965529435280287	0.0092911314968251446	0.026778762204297646	0.011114463083221615	-0.0016935752143431692
303.0	-0.00027677662969760597	-0.00082173827157627777	-0.0019565077083325555	29.9018331959393	0.9965529435280287	0.010396148951540951	-0.021504284849385824	0.013241941418341563	-0.0011486135724646501
304.0	0.004576341136600437	0.0025761932501666696	0.048132106564013455	29.811079577429716	1.0034517548313977	0.0056494687788759546	0.006034542791287123	0.0018605132746229991	0.00085153431396926653
305.0	0.0090360717529704981	0.0059611287789191891	-0.011506800389090355	30.072724583742911	0.9965529435280287	0.0084156580699048522	0.0027024628251293148	0.011513472638223554	0.0039264772880205365
306.0	-0.00032589666196147782	0.0030174065033090613	-0.040553548145741525	29.980163442911572	1.0034517548313977	0.018902897162755394	-0.0066514429131705466	0.020844838018190925	0.00058317412275006207
307.0	0.0030757449339784415	0.0024771615189091989	0.082106418743605802	30.163757963963619	0.9999953016405736	0.013281737363809887	0.061258546144855375	0.013034207066598746	0.0011817575378193204
308.0	-0.0030945124471288832	0.0021286017772368382	-0.068610510607252317	29.893530795866894	0.9965529435280287	0.015447278924450636	-0.039243876011385126	0.012091559454130207	-0.0040413566865464129
309.0	0.0074486650564549173	-0.0031225618273569289	0.043224183599554156	29.783046705403212	1.0034517548313977	0.010505603656896678	0.069438698794262566	0.0051607253531820163	0.0065298701972652685
310.0	-0.007223994510398013	0.0019947180169594958	-0.027495809491926204	29.983303906652701	0.9999953016405736	0.014210909746567246	0.023339532564830456	0.012254305709745728	-0.0026888423300922468
311.0	0.010914505703645494	0.0037964537666463904	0.042673009756140967	30.321180351385308	0.9965529435280287	0.018829101784789914	0.067969050029303979	0.012933192954404094	0.0044292096069069248
312.0	-0.003595526718356501	0.0021885479949090847	-0.0094327025989249247	30.620910651311949	1.0034517548313977	0.01844145652953233	0.010404240866365599	0.022908080011058596	-0.0013548651063586823
313.0	0.003210510531587607	-0.00047791404614683231	-0.0052707144973918041	30.906139296132	1.0034517548313977	0.012002413704466308	0.01664032675806415	0.0057613189482861316	0.0023335594713757364
314.0	-0.0037051740375397824	-0.0033579815038946581	-0.0185066550674573	31.139720654092361	0.9999953016405736	0.0056270256972625887	0.038687219836348374	0.00056801453339838659	0.0019863669377306646
315.0	-0.0015145361114636824	0.00031511015904572837	0.01135016196877614	31.198677194150935	0.9965529435280287	0.0034649743373991182	-0.032069036938481288	0.00027277112819024119	0.00015672066722128411
316.0	-0.0011510567575849784	-0.00058887271613161651	-0.046995106976243095	30.881860540829955	0.9965529435280287	0.0007474998440306635	-0.010453633307472066	0.00037616094450543258	-0.00040546337423199484
317.0	-0.013879344783928493	-0.011992674460360231	0.03368091090778913	30.724293027644283	1.0034517548313977	-0.0081226127889726385	-0.019996905999237091	-0.0066938527838855677	-0.0022921336978003284
318.0	0.011463049182232954	0.0093015038621468982	0.0097988761789891132	30.994384123614637	0.9965529435280287	-0.00081582694378523612	0.017297779671678226	-0.0019795314610515646	-0.00013058837771433372
319.0	0.0053381979540132463	0.0025245807993159453	0.019241532892966928	31.111784497170817	0.9999953016405736	-0.0020876999111156813	-0.0061336971914958127	0.0022737879197121114	0.0026830287769830305
320.0	0.0082517893482292326	0.010028104228206214	0.034575429319913642	31.537481127384002	0.9999953016405736	0.0057518563221814478	0.037874434727342754	0.0026212449215110567	0.00090671389700595656
321.0	0.0029585429016094622	0.0060178980839948881	-0.014379216874806922	31.455044984395883	0.9965529435280287	0.012247668452323168	0.028765932349927636	0.01776127098546687	-0.0021526412853793658
322.0	-0.00086161444888555039	-0.0058359645139987038	-0.079463196979367323	31.546118219996504	0.9965529435280287	0.0097696854422191226	-0.032190609561982386	0.013812042392454593	0.0028217087797337169
323.0	-0.00529758881528819	0.00045694239480598142	0.067019013865582622	31.4371657649219	0.9999953016405736	0.0099115176779793757	0.023478242334824095	0.013964481574090692	-0.0029328224303603362
324.0	0.011603802956603015	0.0081596864151494142	0.019824343522989452	31.371751277587592	0.9965529435280287	0.018660076809260406	0.090297692834056642	0.022313754412547793	0.00051129411109328466
325.0	-0.0037870784357878495	-0.0011043180238734518	-0.03847513319222795	31.171750273387108	1.0034517548313977	0.029548433245747185	0.018141648734039562	0.030873196421631999	-0.0021714663008212689
326.0	0.011485806943204002	0.011221437823070612	0.022680550332809579	31.444757410610599	0.9965529435280287	0.0314683672066709	0.031023322887860028	0.031737833650682168	-0.001907097180687752
327.0	0.0033642855181228448	-0.0011736837305662551	0.048302470277006737	31.685465934082238	1.0034517548313977	0.027770102676788699	0.060084260271899836	0.027341200451088454	0.0026308720680011787
328.0	-0.010887873723050445	-0.0071292434252561154	-0.10624214674664678	31.568479482262955	1.0034517548313977	0.01061275502332637	-0.080733315794660587	0.017698560591633772	-0.0011277582297930648
329.0	0.0051357797404374406	0.0076996553297810078	0.019856915894655547	31.710570398164439	0.9965529435280287	0.01229451226911249	-0.046497183025198119	0.012999345534064233	-0.0036916338191365851
330.0	-0.011103246800040933	-0.013482238895723864	0.019024404868569045	31.749695004142566	0.9999953016405736	0.0046482378873873298	0.051990418822738249	0.00016239619453006782	-0.0013126417234536859
331.0	0.012226169584026891	0.0090699428328697707	0.02696838945759894	32.07473696046933	0.9999953016405736	0.013261238325451119	0.011939794414754568	0.0088984713156479156	0.0018435850277034157
332.0	0.0091391506046569759	0.012759989979471253	-0.0032554828060247232	32.121931049093909	0.9965529435280287	0.017861541889772958	-0.011140031914259607	0.012870774449596389	-0.0017772543471108754
333.0	-0.00094865828086643234	-0.0056858523689808926	-0.0021707250406013401	32.404418673117625	0.9999953016405736	0.013280007544665517	0.025164376237367003	0.012506419053756046	0.0029599397410037006
334.0	-0.042247541234526897	-0.041744384048930216	-0.11159108685034069	32.000780430058718	0.9965529435280287	-0.039685814327335311	-0.10910726094578327	-0.038262893641576534	0.0024567825554068761
335.0	0.0014096785749446727	0.0036878997305420658	-0.0019154318106406887	32.020935337243898	0.9999953016405736	-0.034824230866226991	-0.15932516303343069	-0.033012382902121606	0.00017856139980945463
336.0	0.0023105223756696436	-0.00037083294753714746	0.10251188657811738	32.178129834929862	1.0034517548313977	-0.028065820388508023	0.049428870291333471	-0.033422751087159419	0.002859916723016298
337.0	0.00082488584629936135	-0.00085446597827876225	-0.099896788333765363	32.211162231656957	1.0034517548313977	-0.036619941696567793	-0.070324833937087439	-0.034367643180400087	0.0045392685475944827
338.0	-0.0089922398224355771	0.00038035796369317865	0.057810754376980356	32.219009942658126	1.0034517548313977	-0.02275734483715075	-0.031538484428676128	-0.018793541120827983	-0.0048333292385342157
339.0	-0.011917488235860585	-0.019569206041255338	0.0035603627157305695	32.085659610141491	1.0034517548313977	-0.051396493711275859	-0.054946511170544499	-0.044777717457105792	0.0028183885668605366
340.0	0.0056143191914639345	0.0069481304198688587	-0.041441121612652454	32.006798112991376	0.9965529435280287	-0.057208353270878254	-0.093132149977172229	-0.053277595373688813	0.0014845773384555216
341.0	-0.0092766646879900438	-0.0070045751371439202	0.0047523015086614606	32.189393988729279	0.9965529435280287	-0.058527076039041281	-0.086209123427909429	-0.055326569320792718	-0.00078751221239049373
342.0	0.0089390871834624797	0.0065333176016317829	0.036023793640375334	32.253442037360848	0.9999953016405736	-0.010249374388479282	0.061405757062806599	-0.0078337031810229441	0.0016182573694400724
343.0	-0.0037120135590020809	-0.0030604188540013233	-0.028583774360542158	32.228125500401205	0.9999953016405736	-0.016997692973022671	0.034737414512905129	-0.022133744768035646	0.00096666266443925792
344.0	-0.008439525061686437	-0.006069095894776666	0.014589675921725442	32.274531826645116	0.9965529435280287	-0.02269595592026219	-0.053184796143486812	-0.024999047069291569	-0.0014037665024704809
345.0	0.0058579615738387769	0.000828001725823313	0.029318871999139517	32.199172961230616	1.0034517548313977	-0.021013488216160114	0.076030864189418068	-0.021602611722898679	0.0036261933455450841
346.0	-0.0086372828339067453	-0.0053528150427892829	-0.068746999538978892	32.34861881774988	0.9999953016405736	-0.026746661222642576	-0.05052688972654118	-0.029033948317602531	0.00034172555442753077
347.0	0.010075832240256766	0.0075221048634233068	0.030573671526314516	32.577635191875778	0.9965529435280287	0.00034464968203606894	-0.023513580915957233	-0.0079625886810410496	0.0028954529312610199
348.0	0.001018649695410323	0.0045128859059062609	0.045422611077393427	32.729419287206035	1.0034517548313977	-0.0020905948319265288	0.063350151774088648	-0.00071252523267051338	-0.00059878327923501215
349.0	-0.007432153217898696	-0.0040456656915457412	-0.03563655228586593	32.541947159197335	0.9999953016405736	0.00086831461367165019	0.022961297979561257	-0.00086079107726333426	-0.0039852708055878516
350.0	0.0014227642009918551	-0.0031589816948198735	0.021649319661529498	32.893251771095862	1.0034517548313977	-0.0088239846827800061	0.0085868240007154206	-0.0094401187769164174	0.00059647509022390523
351.0	0.012102692715352914	0.013271969231716252	0.017498269736958116	32.809304827765665	0.9999953016405736	0.007508403402937569	0.054668868098215695	0.013815686395814541	-0.00057280142613951707
352.0	-0.0030246120471573157	-0.00052528009349273042	-0.047700209909344427	32.78376310284262	0.9999953016405736	0.013052219204221505	-0.0076210177328541739	0.014579650290948987	-0.0030721333798040995
353.0	-0.002016166874271752	-0.00096565073108534349	-0.040875102262541541	32.622458827885382	0.9999953016405736	0.011258566747312848	-0.077814991994535232	0.0064925541100837592	-0.0041226495229905293
354.0	0.0012041790213725978	-0.0044205149895633067	0.044326532571095534	32.403265781042236	0.9999953016405736	0.012190866800538824	0.035258540115539194	0.014504373306689411	0.0015020444879453537
355.0	0.0089986295070048072	0.007406943867027671	-0.0016855118454184304	32.376961353729982	0.9965529435280287	0.012075705804143189	0.0029993567438062474	0.01783986683453942	0.0030937301279226133
356.0	0.0062611793921969472	0.0059501554200092066	-0.052888244364843962	31.930624492879662	0.9965529435280287	0.013512975318246134	-0.095311498698431141	0.014350890337037514	0.003404754100110324
357.0	-0.001274781378849843	0.00082828003051749199	0.12760662941709988	32.147280774602642	1.0034517548313977	0.018386921040309367	0.067931683004534671	0.019329291134978277	0.0013016926907429092
358.0	0.0068968719934698886	0.0081885696559267362	-0.020352294192929277	32.038845381127125	0.9965529435280287	0.029734472391055977	0.025930069150075896	0.029616015827828246	9.9950282862010927e-06
359.0	0.007641683577963132	0.0071901381661632069	-0.0079869354561163952	31.876951613365808	0.9965529435280287	0.023652641325502932	0.00044486395700138459	0.01859134836887244	0.00046154044008615456
360.0	-0.0069789244913767146	-0.0066264820621553255	0.07486176552762891	32.012453246106318	1.0034517548313977	0.017551439356840337	0.12300683939397472	0.018362266444339248	0.00010909801086459387
361.0	0.015991023175092822	0.014163790826823286	-0.06879854212521308	32.287623370221397	0.9965529435280287	0.032680880914748967	0.095083399531303181	0.036039194638028738	0.0019363303591342943
362.0	-0.0049354992978674073	-0.0017975820718127977	0.0081767386689119981	32.154199330454389	1.0034517548313977	0.035303813832499475	0.058933605629119645	0.03264678835426138	-0.0012015868669203909
363.0	0.0044805610698286369	0.0063529641097128664	0.0099505295294382012	32.256420039430893	1.0034517548313977	0.034249834075184671	0.070569647003976277	0.034254632489227888	-0.0030739899068045998
364.0	-0.0014446548292355033	-0.0039843951161573354	0.0062690814460422128	32.619403421212368	0.9999953016405736	0.024315283539018129	0.12972697281486245	0.022559782373548165	-0.00053424961988270668
365.0	-0.0061017487674583926	-0.0071166719424977654	-0.044214812912374724	32.85173943483138	0.9999953016405736	0.016370331566002871	-0.042094469514612154	0.014911922074300143	0.00048067355515656594
366.0	-0.0031258911473848183	-0.0020232011673333439	-0.042001979450529747	32.495518439815243	1.0034517548313977	0.0061585607427427913	-0.063744154772212624	0.0031378026346140508	-0.00062201642489483934
367.0	-0.0028535825762618927	-0.003538481785755776	0.0087278315941499152	32.184070148813461	0.9999953016405736	-0.0045700592091761916	-0.047029387721946314	-0.0039226376517469408	6.2882784599088741e-05
368.0	0.0095136052161812756	0.0042136125703802207	0.053745353394520468	32.267175095236965	1.0034517548313977	0.0062700354233593547	-0.068145799855054756	0.0036359987335568	0.0053628754304000919
369.0	-0.0038089956844906681	-0.00060097060123798229	-0.02869570780826658	32.252042728557285	0.9999953016405736	-0.0084947260047019135	-0.028042965538108255	-0.010688596445346921	0.0021548503471473042
370.0	0.00308278464846512	0.0086167671668235801	0.01828747867199354	32.048548561971558	0.9999953016405736	0.0019196232339344643	-0.017932225535026713	0.0063861881460782755	-0.0033791321712111082
371.0	0.0016279350240877566	-0.0033439109229200792	0.0075532331880452386	32.10493651843607	1.0034517548313977	-0.0077772517986984813	-0.020329521876419676	-0.010637141618518253	0.0015927137757967534
372.0	-0.0068816916683775986	1.4547308323287211e-05	-0.009956260462916644	31.90546887918919	1.0034517548313977	-0.0037783093742178586	-0.036554863785378533	-0.0023032048757656298	-0.0053035252009040685
373.0	0.0062667054599414573	-0.000544950861246285	-0.026122860008622739	31.839687933384607	0.9999953016405736	0.0027934117070336217	-0.018462910881626549	-0.0014287782603634724	0.0015081311202836554
374.0	0.0081628627636578521	0.0085081646490525742	0.036876293661776804	31.651722992731901	1.0034517548313977	0.01332477752341954	0.060415362230680003	0.015728764098664305	0.0011628292348889041
375.0	0.0076913599040298042	0.0087906023312465109	0.028896864244448484	31.535652872039872	0.9999953016405736	0.025653861640421827	0.080584394880978572	0.028890951772367002	6.3586807672094242e-05
376.0	-0.0048468235169043528	-0.0024204515988075492	-0.053191564103359568	31.245621214139781	0.9999953016405736	0.019019797471234057	-0.026352522616901464	0.023725817056647003	-0.0023627851104246742
377.0	-0.0015707545541210344	-0.0015365874455806061	0.024368611459541833	31.476367445063584	1.0034517548313977	0.018084180626891433	0.026711796650906949	0.018856605459989018	-0.0023969522189649767
378.0	0.01202348018438415	0.0086213506363961301	0.023814777778486285	31.544245790637561	0.9965529435280287	0.018088764096463983	0.032239095757399694	0.016668087020850431	0.0010051773290228464
379.0	0.0048335551779490338	0.0073355478653784889	-0.0022200346659546621	31.5788366257141	0.9965529435280287	0.028768222884762551	0.022465827903399793	0.030338449761803554	-0.0014968153584064123
380.0	0.0051754106398165245	0.0016389615961311943	-0.020818089831439401	31.753382101446352	0.9965529435280287	0.030392637172570458	0.011603998534877036	0.026852437620442204	0.0020396336852789021
381.0	-0.010613728308888071	-0.0070545843756442128	0.012152790926881707	31.776594696483301	1.0034517548313977	0.02388300365817253	0.049879649470381482	0.025043819918514565	-0.0015195102479649339
382.0	0.0053842375201438308	0.0047496668709765544	-0.019374078434665654	31.935207611517306	0.9999953016405736	0.02012450588009651	-0.0063707226260609762	0.01548421583263071	-0.00088493959879778063
383.0	0.0027206040804610421	-1.48635737258207e-05	0.1094370552355326	32.053218222284521	0.9965529435280287	0.011319039975124179	0.074169468365023139	0.0099219043250051708	0.0018505280553890149
384.0	0.0018779923510139351	0.0038111869431951551	-0.042039642390113707	32.442200136205123	1.0034517548313977	0.017550678517126883	0.085321390078268999	0.017528258108155725	-8.2666536792063623e-05
385.0	0.0053566169485896875	0.0056794023856756581	-0.040064046769235251	32.220304478192467	0.9965529435280287	0.024766668348383147	0.020888731849491915	0.030645102299494686	-0.00040545197387813501
386.0	-0.012651919132071088	-0.013714211347373162	-0.03017057849415461	32.16457511534162	0.9965529435280287	0.0024311063646138553	-0.033096624423148979	-0.00035875521087835871	0.00065684024142388566
387.0	-0.0094946102475288452	-0.009752239615558933	-0.068787533721395455	31.91433474444711	0.9965529435280287	-0.014656681116323567	-0.099664123478589772	-0.014547725983361071	0.00091446960945399671
388.0	0.01398122670294466	0.015100164219568502	0.099935997787171216	32.169608218816172	0.9999953016405736	-0.0011954784928862594	0.021089964140020845	-0.00020026325168398529	-0.00020446790716972159
389.0	0.0069817038104962315	0.0062262563782342628	0.011739696104958064	32.447094441102905	0.9965529435280287	0.012085362260992216	0.020676869318097202	0.015788846576276105	0.0005509795250922886
390.0	-0.0052634728594025404	-0.0044301383141180928	0.011311182934076847	32.559225396899343	1.0034517548313977	0.0029055570758975691	0.051362130686839702	0.0081800432289800273	-0.00028235502019232218
391.0	0.0035784906883560286	0.0022932251171468021	-0.0091383378668357107	32.405241608181043	0.9965529435280287	0.0052136457667701919	-0.067213262415528607	0.00040252259180717509	0.0010029105510169932
392.0	-0.0045910458868290149	-0.0042894143195777445	-0.052484100610086681	32.528878517222083	1.0034517548313977	-0.0028869554960027077	-0.077657720635501581	-0.0036143015678393731	0.00070127898376576043
393.0	0.0059631319570250252	0.0054357029202536378	0.03302134477107499	32.301269649964013	0.9999953016405736	-0.0031306549614247281	-0.0045723290951913409	-0.0058110593327129756	0.0012287080205370567
394.0	-0.0012553681086717727	-0.0019863381542206682	-0.032178992497183367	31.970620946556188	0.9999953016405736	0.0085972182317277657	-0.0065807430982200987	0.010072115369441637	0.0019596780660859001
395.0	-1.2233625918511848e-05	0.0044586246966058507	-0.0072763411671235012	31.821691530663106	1.0034517548313977	0.022808082543892549	0.054930449456051855	0.023018753152466376	-0.0025111802564384421
396.0	0.0035096563053695906	0.0043066422990480913	0.13538020097283199	32.371220128155763	1.0034517548313977	0.012014560623372139	0.090374652641712627	0.0087056459947891796	-0.0033081662501167827
397.0	0.0032046095477458181	0.00054580181563368413	-0.11920074984580076	32.482769099104388	1.0034517548313977	0.0063341060607715605	-0.040565793309046194	0.0058198009218557445	-0.00064935851800464487
398.0	-0.0096708253538708711	-0.0099028117939272686	0.054584758905732889	32.601814181044702	0.9965529435280287	0.00086143258096238462	0.0027077826626098478	0.00021934369967935297	-0.00041737207794843357
399.0	0.0023460255581029266	0.00080200471943769891	-0.10574165368699884	32.571694346886552	0.9965529435280287	-0.00062978781674671858	-0.093895533157553279	0.0019019442984711254	0.0011266487607169437
400.0	-0.01189446783801773	-0.0077955187464220366	0.019015784952833403	32.632304418173049	0.9965529435280287	-0.0041358922435910106	-0.022395647594633195	-0.005133383730439034	-0.0029723003308788146
401.0	0.015474827311370065	0.012033303947284857	0.11281152894151769	32.833550590937911	0.9965529435280287	0.0024617087834402085	0.057394536575809507	0.00052345628478911443	0.00046922303320633249
402.0	-0.0045770750085518674	-0.0051688705123693612	-0.021829484055922332	33.198773319995752	1.0034517548313977	-0.00072082357470848457	0.067744045017070542	-0.001165091706345045	0.001061018537023785
403.0	-0.0038859895912832787	0.0011587342797860778	-0.05996713645379792	33.34159167810963	0.9999953016405736	-0.0040207139915282575	0.015053249730396123	-0.0037174126800771923	-0.0039837053340454264
404.0	0.0074750165905161925	0.0024315429729611093	0.096704589671429808	33.842445201191389	1.0034517548313977	-0.0058958133176152394	-0.023622361571006056	-0.0023699846403812952	0.00105976828350963
405.0	0.0046434906212320382	0.0022973318028183254	-0.047906435395116409	34.152694701448006	0.9999953016405736	-0.0041442833304305982	0.047671952879678292	-0.0070935530265645586	0.0034059271019233604
406.0	-0.014765208289223342	-0.011663044285919355	-0.087329318724797211	34.187820122598197	0.9965529435280287	-0.0059045158224226846	-0.094242124750851808	-0.0086619106821366199	0.00030376309861925775
407.0	-0.012957078965895485	-0.010481205134645233	0.032706106876389196	34.378837383136748	0.9999953016405736	-0.017187725676505616	0.044205635812536226	-0.015220483950321828	-0.0021721107326308133
408.0	-0.011108559868829859	-0.011875012126114193	-0.14718702669454298	34.109822685171075	1.0034517548313977	-0.021267219056197773	-0.12199717583484015	-0.02152241588504622	-0.0014056584753465349
409.0	-0.0032370009835478442	-0.0044600390260849387	0.11699560940470266	34.014778976146069	1.0034517548313977	-0.037760562029567568	-0.11781309537165519	-0.036222028132744555	-0.00018262043280950171
410.0	0.0020178991520061196	0.0031066393570882145	0.056600056643871355	33.882128445344605	1.0034517548313977	-0.029485052160109992	-0.039383554671861498	-0.028596188534239841	-0.0012713606378915131
411.0	-0.0062003994345214419	0.00033608512901528442	-0.065046115380317016	33.51308022345809	0.9965529435280287	-0.030307701310880786	-0.044462533598380594	-0.030337288273469376	-0.0078078452014284042
412.0	0.0017107504649926941	-0.0096611367455281538	-0.063735212087396631	33.195837099786004	0.9999953016405736	-0.042400381029370049	-0.20490233535720703	-0.03658784367413781	0.0035640420090925235
413.0	0.005465521652454397	0.010167218718251325	0.057879739905080552	33.26613640655399	1.0034517548313977	-0.034530494113937049	-0.099116160057010072	-0.033051643306739376	-0.001137655056704422
414.0	-0.0045659463867688821	-0.0052674019908534042	0.074167234965003992	33.39597225027012	0.9999953016405736	-0.028134851818871098	0.062380393632791131	-0.024952279055986404	-0.00043619945261977414
415.0	-0.0051120513059570438	-0.0078014911004689047	-0.071480549910046376	33.293644292158064	1.0034517548313977	-0.02545513778469477	-0.041806263153644441	-0.027523610758957151	0.0022532403418919059
416.0	0.0047886089342803473	0.0064686518167522689	-0.042997081227825307	32.792701445966365	0.9965529435280287	-0.0071114738418283086	0.06238368231307323	-0.0078962450243000859	0.00057319745942002135
417.0	-0.0051757762317370393	-0.0034120357617746233	0.1141195323096309	33.165319517885031	0.9999953016405736	-0.0060634705775179931	0.059507605218001469	-0.0095740164647006853	-0.0011905430105423841
418.0	0.011391697777878296	0.010427713617278567	-0.03927243605223163	32.899739054365142	1.0034517548313977	0.0012576036826723591	-0.036364887478101515	0.0018509407987874482	-0.0002265588499425206
419.0	-0.0015970919890111457	-0.003128209994899267	-0.017107958332218898	33.039552796858032	1.0034517548313977	-0.0022066914412421923	0.011573269569996603	-0.0031840076171587572	0.0013045591559454285
420.0	-0.065846895021130614	-0.065884524216183404	-0.063493772142414917	33.19345160720998	1.0034517548313977	-0.058430078911897443	0.011814709514978317	-0.061500330730212216	0.0013421883509983526
421.0	0.010240723688495157	0.012049574727994727	-0.049119278604072392	32.915354058200002	1.0034517548313977	-0.056547722902154041	-0.095184308994174627	-0.05273101983134576	-0.00046666268850123434
422.0	-0.0015202631571737957	-0.0039232863050786548	0.071370730282108497	33.115943541558231	1.0034517548313977	-0.055203607216379291	-0.097980813677070122	-0.05542036358873581	0.0019363604594036911
423.0	-0.0079353463513887057	-0.0079119522386272845	0.035743082582606833	33.24273351561235	0.9999953016405736	-0.055314068354537671	0.009242818815583087	-0.055372278647771056	0.0019129663466421936
424.0	-0.0090477097440604393	-0.0059463539482567107	-0.11471926559386336	33.000121547898814	0.9965529435280287	-0.067729074119546651	-0.062479365550454968	-0.066099461120536329	-0.0011883894491615619
425.0	-0.0055342142496257463	-0.0042717130910663315	0.043053078340911544	32.913357819215086	0.9999953016405736	-0.068588751448838359	-0.13354581951917432	-0.064692183374538637	-0.0024508906077209784
426.0	-0.0057029480424319878	-0.0089520088764614147	-0.04784044387721087	32.700750442712888	1.0034517548313977	-0.08796847394257834	-0.14211382734415356	-0.088043031870393085	0.00079817022630845978
427.0	-0.0016792368766582744	-0.0022919762641344654	0.011975128431931825	32.759482597948377	0.9965529435280287	-0.087132240211813539	-0.11303074058000284	-0.089075639931678108	0.001410909613784666
428.0	-0.0038041761605871471	-0.0012726118296562117	-0.01142155645120968	32.335383642417433	0.9965529435280287	-0.022520327825286346	-0.060958524888797605	-0.020450623663176515	-0.0011206547171461868
429.0	0.00079816320544123798	0.00073941766450658086	0.020562755728159798	32.20051134373977	0.9965529435280287	-0.033830484888774492	0.008723509443434585	-0.038564653408828864	-0.0010619091762116178
430.0	0.0068133027262933243	0.0044447214486458275	-0.022072532249452381	31.979302962415517	0.9999953016405736	-0.02546247713505001	-0.084719753088126293	-0.028773696922964387	0.0013066721014359133
431.0	-0.0069580498765644538	-0.0060339605272103913	0.028689495534284903	31.652207722713495	1.0034517548313977	-0.023584485423633117	-0.091773340136448223	-0.020790338659979035	0.00038258275208186984
432.0	0.0057743537995327276	0.002846110559939774	0.027086875594868776	31.407472114285127	0.9965529435280287	-0.014792020915436632	0.050032801052283915	-0.016386315280850328	0.0033108259916746568
433.0	0.0068116162450944095	0.0088667518700189518	-0.015369312286567238	31.516402816901337	1.0034517548313977	-0.0016535559543513489	-0.0083895895751948668	-0.0027645311434845166	0.0012556903667503266
434.0	0.0040409922611519544	-0.00051247608765714325	0.068014058612602568	31.860892220783594	0.9965529435280287	0.0067859768344529225	0.10746491291461857	0.0057280827208361362	0.0058091587155593054
435.0	0.0017639672728946287	0.0062837008356175783	-0.010734727753117346	31.927760392472909	0.9999953016405736	0.015361653934204966	0.0847550567295694	0.022788353172439768	0.0012894251528364382
436.0	-0.0075823561513488347	-0.0041093866788377564	-0.0084090433338628312	31.759327645553771	1.0034517548313977	0.012524879085023422	0.087767569846916249	0.0092218294304242665	-0.0021835443196746612
437.0	0.001152847601361584	-0.00054871253160437838	0.00030654836521892825	31.59461797248137	1.0034517548313977	0.011236748888912462	0.067511362483975379	0.01452251287323203	-0.00048198418670880925
438.0	-0.0028941495249514837	-0.0031434972733872524	-0.041128683757218232	31.303503852928689	1.0034517548313977	0.0036485301668793824	0.048455210976209528	0.0061847716962193378	-0.00023263643827291472
439.0	-0.0043639645123076942	-0.00050202595978166009	-0.021659603401810612	30.946763133327064	1.0034517548313977	0.0091804647343081136	-0.001893887959885987	0.0059635899083139154	-0.0040945749907989656
440.0	0.0021083020149263998	-0.003635140352085342	0.11248434982195921	31.41284560683231	1.0034517548313977	0.0026992138222829976	0.083503586267204444	0.0056391538903097782	0.001648867376212794
441.0	0.0061902017120831765	0.0076910996566574852	0.0033548495744704088	31.433374567328595	1.0034517548313977	0.0015235616089215309	0.10222774812824209	0.0026892711815542647	0.0001479694316385103
442.0	0.0071986358602444955	0.00740274745784264	0.00366011364091956	31.877317314188122	0.9965529435280287	0.0094387851544213142	0.037873803156559083	0.012752717838030225	-5.6142165959835154e-05
443.0	-0.0015223500037755411	-0.00023027633609262743	-0.069897990912818786	32.080757447490669	1.0034517548313977	0.0029248079827111084	-0.021289460003142358	-0.003145430665161042	-0.001348215833642638
444.0	0.0059584368602416671	0.0073054012099060817	-0.021083824619731573	31.747831238955595	1.0034517548313977	0.014339595871454947	-0.033964241289011099	0.014880176533968115	-0.0026951801833070572
445.0	0.0023244572296645671	0.00015834799005332023	0.064895494902075246	32.076929513758245	0.9965529435280287	0.015046656393112645	0.030624705247845219	0.015781968181612482	-0.00052907094369582285
446.0	-0.0018317959130667028	-0.00022781245143743689	0.021570178748282931	32.04260342345917	0.9965529435280287	0.017962341215062461	0.093323567753346381	0.01472334276534637	-0.0021330544053249768
447.0	0.0049866847799140412	0.0028273603417103832	-0.057992314433785275	32.23784734230297	0.9965529435280287	0.021291727516554504	0.056990856721371719	0.019904674502237096	2.6270032878515205e-05
448.0	-0.0063276913848164806	-0.0040932600980363443	-0.0064095296044253125	31.98209281117569	0.9999953016405736	0.020833607770603502	-0.0619030227050128	0.019932411421357044	-0.0022081612539014525
449.0	0.002834844335284803	0.0040763077460705954	-0.081170898108052114	31.453000314181757	1.0034517548313977	0.017218815860016612	-0.14642877038753532	0.016351319301817435	-0.003449624664687245
450.0	0.0010344484264623865	-0.0026459425356111232	0.12030310222697671	31.766512425974394	0.9965529435280287	0.0071701258665628487	-0.029785781801478173	0.0017754086286769777	0.00023076629738620424
451.0	0.0011850349347826139	0.00094358661095328422	-0.13754956645946148	31.407866943616181	0.9965529435280287	0.0083439888136087603	-0.097437357348120868	0.012441910447148929	0.00047221462121539839
452.0	-0.01398389238484854	-0.014835324523489568	0.048587619938095461	31.251961442951462	0.9965529435280287	-0.013796736919786889	-0.027765912790293834	-0.016883315106589913	0.0013236467598566148
453.0	0.0010090202090380362	0.0021953991932894823	0.11979652432864962	31.280902718112539	1.0034517548313977	-0.011759685716550727	0.027135116636280543	-0.017149547990426228	0.00013726777560502674
454.0	0.0062007205332603732	0.0027667729183020739	-0.10835059796953161	31.361631098543729	0.9999953016405736	-0.0087651003468112165	-0.102785660081534	-0.0044922402426812447	0.0035712153905634236
455.0	-0.0024139873965929315	0.0027068307507225331	0.12152425398804256	31.85563713923354	0.9999953016405736	-0.0088856299377990666	0.076730908340293835	-0.0054589498960579963	-0.0015496027567520794
456.0	0.01488064273426648	0.010627619231136753	-0.04815221089831212	31.922407203827785	1.0034517548313977	0.0058352493913740311	0.034988227046407028	0.0069417849049626668	0.002703420746377745
457.0	-0.0085223228191935174	-0.0034002534875059442	-0.065117066542138113	31.998721877060795	0.9999953016405736	-0.0016413118422025086	0.051042058612321028	-0.0016598173167683417	-0.0024186485853098416
458.0	-0.0079817101073493824	-0.0087377652696303265	0.045134809057633118	31.817371817198389	1.0034517548313977	-0.0077331345762217119	-0.024126234557022563	-0.004145954178299105	-0.0016625934230288903
459.0	0.0085950888811028303	0.0079297209054212114	-0.01827038519663704	31.986235922770579	0.9999953016405736	-0.00074700028175378463	0.095152946705801877	-0.0053276178674690478	-0.00099722544734747809
460.0	-0.0030719210041305622	-0.0034661481327085131	0.0047963081517445882	31.963380102104434	1.0034517548313977	0.01062217610902727	0.051361634919451005	0.01490972951327918	-0.00060299831876941342
461.0	0.0067709802306803457	0.0024452194520208081	-0.0096527374344721473	31.679670148911239	1.0034517548313977	0.010871996367758596	-0.078087626843670765	0.011837350972017546	0.0037227624598900745
462.0	-0.0055023390141339945	-0.00019715484015869755	0.041317723786515215	31.758843021159045	0.9999953016405736	0.0079080686092978247	0.071580694912376064	0.010205431938374865	-0.0015824217140850731
463.0	0.0073228851953421881	0.0088325470629619929	-0.018973258515872393	31.523073826454318	1.0034517548313977	0.014033784921537285	-0.068916817591538893	0.013232153508024425	-0.0030920835817048894
464.0	0.014553421703852987	0.0096220068795354052	0.085354821716772333	31.559177933272235	0.9965529435280287	0.013028172569935936	0.064590215023545561	0.010702519349561346	0.0018393312426126132
465.0	-0.0060671589282346172	-0.0041695723677717123	-0.043699332351440301	31.450197586541105	0.9965529435280287	0.012258853689670168	0.086007949214243373	0.010703457366859626	-5.8255317850240435e-05
466.0	0.0029022053207787835	0.0066390584208511072	-0.010097245482338257	31.283477506219942	1.0034517548313977	0.027635677380151602	0.030775894674271997	0.025290867660956229	-0.003795108417922681
467.0	-0.0029465280307856556	-0.0075855567960321224	-0.0051297107778252027	31.125591518875549	1.0034517548313977	0.012120399678698268	0.043916569093083835	0.013703969521004611	0.00084392034732384271
468.0	-0.0064870770028888636	-0.0079393222505785843	-0.010409822625448317	30.959633093905023	0.9999953016405736	0.0076472255608281969	0.028710438315890929	0.0019807064790877682	0.0022961655950134822
469.0	0.0054502241911646987	0.0086856427043267015	0.045336572936047981	31.134892505075562	0.9965529435280287	0.01388764881313409	0.083699748686411057	0.014413887337490161	-0.00093925291814838871
470.0	0.0083282504599702101	0.0035873923948079867	-0.079924928264192951	31.242405858631741	1.0034517548313977	0.017672196048100774	-0.037542903364297109	0.013644153503918455	0.0038016051470138039
471.0	-0.0059183287733368672	-0.0058816651976858481	-0.040634084731031361	31.238677148847156	0.9999953016405736	0.0029579837874529336	-0.059203729579456077	0.004087625129308714	0.0037649415713628177
472.0	-0.011458922197801424	-0.0060086142971864653	0.042988607554958591	31.393735380472855	0.9965529435280287	-0.012672637389268937	-0.10156994374126982	-0.01137104820955015	-0.0016853663292522348
473.0	0.0057613465026444821	0.0019694942252175274	0.0092235102652016288	31.356811649193293	0.9999953016405736	-0.0065335707962796974	-0.048647101124627889	-0.0062752251215723032	0.0021064859481747422
474.0	-0.0092920434000893781	-0.002074077193575663	0.028842308589733134	31.642542424217648	1.0034517548313977	-0.015246706410706468	-0.0097075470525564977	-0.013997092236825992	-0.0051114802583390184
475.0	0.014271483150460451	0.0087450627916740853	-0.040233085955841075	31.544209049849833	0.9965529435280287	0.0010839131769997401	-0.04481092223057237	0.0029595382885605481	0.00041494010044741388
476.0	-0.0023986669666342664	-0.00013719892577168658	0.016698298399457023	31.50260974656285	1.0034517548313977	0.0088860365018066378	-0.017702801205667029	0.011692946456495212	-0.0018465279404150728
477.0	-0.0053338827940989653	-0.0095385778620526995	-0.0030993320854333373	31.266564355820549	1.0034517548313977	-0.0093381840645727632	-0.066138706227148347	-0.013250871855331914	0.0023581671275385626
478.0	0.007455852342901359	0.011944887436093898	0.078052944247698708	31.263107428778703	0.9999953016405736	-0.00098068902328685148	0.091839166284743312	0.00062791063586731255	-0.0021308679656539633
479.0	-0.0011988710184904772	-0.0058341751627206673	-0.042887701398184541	31.342895849603142	1.0034517548313977	-0.0009331989883216707	0.089585549617590132	0.0019596116289404275	0.0025044361785762797
480.0	-0.0046247599045479149	-0.00016400263536620052	-0.051108496989449748	31.467018786150621	1.0034517548313977	0.0049114126734985941	-0.0045115549268182065	0.0023133361814782205	-0.0019563210906054255
481.0	0.0014551024173254934	0.00054238552827379216	0.037778789933476054	31.499932325055898	1.0034517548313977	0.0034843039765548589	0.024043724741456218	0.0060384566459381617	-0.0010436042015538676
482.0	-0.0071316040048292617	-0.0063345617768910678	-0.084792884170775906	31.059655879915926	0.9965529435280287	-0.0007761806067605459	-0.089591468019052822	-0.0034377466412249813	-0.0018406464294920008
483.0	0.0055343755854009302	0.0031564663509804358	0.11656556440333654	31.213319634135779	0.9999953016405736	-0.0063647770474541954	0.067207182340124794	-0.0090655529224770159	0.0005372628049284989
484.0	-0.0054709762323221778	-0.001587983025475026	-0.024646862407242898	31.286514686544098	1.0034517548313977	-0.0078155611471575348	0.025862021533424873	-0.0019176869387020901	-0.0033457304019186129
485.0	0.0067572881517361516	0.0018356662063903073	-0.015750523748626621	31.516316219020489	0.9999953016405736	0.003558682921285472	0.013210829870231589	0.0093120851929573423	0.0015758915434271555
486.0	-0.010989279724653578	-0.0077723334750010586	-0.080514393860836586	31.292231523888919	0.9965529435280287	-0.016158537989809485	-0.14535650823830371	-0.018539763076891758	-0.0016410547062252854
487.0	0.011553485822527687	0.0044498985764567234	0.029611055733989478	31.147644530662326	1.0034517548313977	-0.0058744642506320943	-0.072857751106129687	-0.00662739733373785	0.0054625325398456777
488.0	-0.021026950522368359	-0.014963827396335949	0.094040740005902235	31.589874972996682	0.9999953016405736	-0.020674289011601843	0.072291485889222296	-0.018600418603500257	-0.00060059058618668071
