time_period	DeltaLogC_me	DeltaLogC	DeltaLogY	A	BigTheta	Delta8LogC	Delta8LogY	Delta8LogC_me	Measurement_Error
0.0	0.007964154575945237	0.0095207911792161148	-0.008210213587672488	23.578071789996709	0.9999953016405736	0.024625135779355212	0.0049837896614042254	0.026617842177071083	0.0018066133859899491
1.0	-0.0091603231773549343	-0.0034504203695149283	0.027637059039701928	23.617221584628322	1.0034517548313977	0.021746406294580245	0.026299355310769101	0.025206930527331695	-0.0039032894218499741
2.0	0.0046359918462568483	0.00075387790425329726	0.0028389849780567911	23.662173090746297	1.0034517548313977	0.023879227504089551	0.033287362873910098	0.021200463270398595	-2.1175479846500787e-05
3.0	0.0030638768127786431	0.0014733641542854503	0.030230544329528319	23.624495685503749	0.9965529435280287	0.024561061933242145	0.056876277963588073	0.027639276040307692	0.0015693371786466227
4.0	-0.0019204298592554458	0.0014676609240906746	0.0026381061376026249	23.917445270941393	0.9965529435280287	0.021314479571501455	0.020893304691431691	0.019105419970121273	-0.0018187536046994665
5.0	0.0071617843795099834	0.0046724158091600021	-0.017984294819308966	24.149040024107538	0.9965529435280287	0.022258664902474079	0.025430528994985435	0.02361443915372341	0.0006706149656506245
6.0	-0.0086175786436724078	-0.0082211297399434891	0.005908519984345828	24.422398885473836	0.9999953016405736	0.0064693735396330609	0.021890307947961762	0.010807226892614263	0.00027416606192160869
7.0	-0.00048085058972935357	-0.0002175235945884868	-0.059727636150212593	24.195384342268849	0.9999953016405736	0.005999036266958635	-0.016668930087958556	0.0020832851173200329	1.0839066780896946e-05
8.0	-0.00056080948451553425	-0.00010897454207769997	0.034859484603961155	24.065173162939271	0.9999953016405736	-0.0036307294543351798	0.026400768103675087	-0.0072198853802190044	-0.00044099587565700856
9.0	0.010804203589789951	0.0092694933184143125	-0.0079762653362887015	23.888644624639468	1.0034517548313977	0.0090891842335940609	-0.0092125562723155419	0.0059479538823437039	0.0010937143957186343
10.0	0.0057339028996274966	0.0037890498256349936	0.022428748694776512	23.764359185553293	0.9999953016405736	0.012124356154975757	0.01037720744440418	0.011889768582334925	0.0030385674697111318
11.0	-0.0021487360189020865	0.0033273427172086922	0.034222932685791685	23.727127788490403	0.9999953016405736	0.013978334717898999	0.014369595800667545	0.0089781923487539661	-0.0024375112663997203
12.0	0.0011372907783664399	-0.003897380170117426	3.9327017598234093e-05	23.864048615005672	0.9999953016405736	0.0086132936236908986	0.011770816680663154	0.0085503250182152879	0.0025971596820841309
13.0	0.0051091786483066226	0.007128876573079701	-0.0086806188060564171	23.79230229001422	0.9999953016405736	0.011069754387610597	0.021074492693915703	0.011823104324640399	0.00057746175731116932
14.0	0.00088823321825981516	0.00034139019557466455	-0.03180374840186273	23.960962847516974	1.0034517548313977	0.019632274323128751	-0.016637775692292855	0.01619059912484877	0.0011243047799962152
15.0	-0.0022279657314812074	0.0017671081385288723	0.043611352803414549	24.081710246721652	0.9999953016405736	0.02161690605624611	0.086701213261334287	0.018919979768829753	-0.0028707690900138466
16.0	0.0013975861712747228	-0.0018145044202575455	0.010186954842973162	24.404233805484257	1.0034517548313977	0.019911376178066265	0.062028683500346293	0.019632908649091174	0.00034132150151839529
17.0	0.0061906886199512012	0.0027824459437009175	-0.029511069420713243	24.299967925109442	0.9999953016405736	0.01342432880335287	0.040493879415921752	0.013669999686387602	0.0037495641777686426
18.0	-0.0037516647246478296	0.0027252128940866704	0.010407356606750184	24.385361044396792	0.9965529435280287	0.012360491871804546	0.028472487327895424	0.01421923952163473	-0.002727313440965834
19.0	-0.00012857882577188562	0.0021393480710516499	-0.034149789731393598	24.370147063482673	1.0034517548313977	0.011172497225647504	-0.039900235089289859	0.014093995988242236	-0.0049952403377892815
20.0	0.003290159172348206	0.0026982353575757401	-0.0032153215085910514	24.507147260342997	0.9965529435280287	0.01776811275334067	-0.043154883615479145	0.019404372149048665	-0.0044033165230167818
21.0	0.010011524342133038	0.0049361820262425748	0.07366210849688648	24.501384538259554	0.9999953016405736	0.015575418206503544	0.039187843687463753	0.013101607509064195	0.00067202579287364568
22.0	0.0053801838394389456	2.8386677869862709e-05	-0.044628278735513005	24.536408042985276	1.0034517548313977	0.015262414688798742	0.026363313353813478	0.013938238912927225	0.006023822954442753
23.0	-0.006504914071296275	-0.0033192503984635913	0.0033402385765788356	24.589957822991806	0.9965529435280287	0.010176056151806279	-0.013907800873022236	0.011909594465888018	0.0028381592816099613
24.0	-0.0045601216563673219	-0.0059465821223285698	-0.021819138915048608	24.769417480531597	1.0034517548313977	0.0060439784497352544	-0.045913894631044005	0.0045222471467469827	0.0042246197475713102
25.0	0.0069654539330386012	0.010939647892980631	0.056359725426358809	24.908834243120936	1.0034517548313977	0.014201180399014968	0.039956900216028046	0.010757870656478152	0.00025042578762924289
26.0	0.01083296722530358	0.0075524085176217337	-0.02026404703268847	24.968397506434084	1.0034517548313977	0.019028376022550031	0.0092854965765893915	0.017667288885032661	0.0035309844953109754
27.0	-0.0022683656052533419	0.0019477225538331311	0.0022263405063758235	25.02887912053033	1.0034517548313977	0.018836750505331512	0.045661626814358813	0.014080300772537635	-0.00068510366377534703
28.0	0.010015009831748634	0.0077811078272360668	0.018205760198965804	24.94738188727052	0.9965529435280287	0.023919622974991839	0.067082708521915668	0.019985605752142588	0.0015487983407372319
29.0	0.0024415958630579215	0.0046655696649067213	-0.0046655767545524807	24.839297708027413	0.9965529435280287	0.023649010613655985	-0.011244976729523293	0.022606537479150646	-0.00067517546111159181
30.0	0.0012219080179132202	0.0019341478918637467	0.013505093011935365	24.936479276007312	0.9965529435280287	0.025554771827649869	0.046888395017925077	0.02498737611376467	-0.0013874153350621854
31.0	-0.0012156650401311531	-0.0029382678924183558	-0.035935530550210926	24.939089527026926	0.9965529435280287	0.025935754333695105	0.0076126258911353162	0.024320058844536474	0.00033518751722499322
32.0	0.00019976056341319826	0.0017375621215771631	-0.05236134811025539	24.622864432595652	0.9965529435280287	0.033619898577600837	-0.022929583304071466	0.033217482459017678	-0.0012026140409389769
33.0	0.00024836670332906152	-0.0042591186783111912	0.042919850070622267	24.776479728221226	0.9965529435280287	0.018421132006309016	-0.036369458659808007	0.021775679349643529	0.0033048713407012424
34.0	-0.00043051001589589077	0.0023818072119090594	-0.022321254544004576	24.521739364151383	0.9965529435280287	0.013250530700596341	-0.038426666171124113	0.016492036495850515	0.00049255411289646689
35.0	0.0020409016539661984	0.001522626778646341	0.09152394477084469	24.522506769928174	0.9999953016405736	0.012825434925409551	0.050870938093344753	0.013037034378693635	0.0010108289882163554
36.0	-0.0016263349141827366	0.0002372677770978715	-0.062076163970230969	24.683773065070003	0.9999953016405736	0.005281594875271356	-0.029410986075852019	0.011148967681851252	-0.00085277370306433931
37.0	0.0026848887689632228	-0.0013414153915487503	0.031013425824024665	24.938204866732505	1.0034517548313977	-0.00072539018118411569	0.0062680165027251267	0.0037320204372712773	0.0031735304574475108
38.0	-0.00046607030836876007	0.0045562295772085815	-0.016149568221143662	25.135396940874212	0.9965529435280287	0.0018966915041607191	-0.0233866447303539	0.005904053561040401	-0.0018487694281297568
39.0	0.0030989854841840803	-0.00041736149199467221	0.00028061491244235626	25.162051360516472	1.0034517548313977	0.0044175979045844027	0.012829500732299381	0.0066368191257231146	0.0016675775480490976
40.0	-0.004420004178126824	-0.0018662131685733829	0.041760510515130411	25.316268411933667	0.9965529435280287	0.00081382261443385673	0.10695135935768518	0.0035998936665893044	-0.00088621346150433806
41.0	0.0041547438737030706	0.0056413009587115148	-0.035290592555327738	25.350792303309447	1.0034517548313977	0.010714242251456563	0.028740916731735178	0.012793340002305031	-0.0023727705465129635
42.0	0.0033508426383339618	0.0022140138682873456	0.0063469774007403057	25.222651014067267	0.9965529435280287	0.010546448907834849	0.05740914867648006	0.010073620189490873	-0.0012359417764661884
43.0	-0.0035112449582490601	-0.0027149934508341467	-0.0077477475088874037	25.429062952715125	0.9999953016405736	0.0063088286783543612	-0.041862543603252034	0.0088532476733196308	-0.0020321932838811597
44.0	0.003587454067091711	0.0020924811056532988	0.015135636176390799	25.675366959568628	0.9999953016405736	0.0081640420069097885	0.035349256543369734	0.0073498692681310818	-0.000537220322442797
45.0	0.0034196102215844348	0.0037389721980711776	0.013019486419606041	25.951890069002342	1.0034517548313977	0.013244429596529717	0.01735531713895111	0.014957800533486276	-0.00085658229892950717
46.0	0.0022800749860532044	0.00063503055439939615	0.0080669158072737002	26.073283707158954	1.0034517548313977	0.0093232305737205312	0.041571801167368472	0.01042715988467946	0.00078846213272441216
47.0	0.0016677014604034035	0.0010287312000696325	-0.011595364263001118	26.337718604087176	0.9999953016405736	0.010769323265784836	0.029695821991924998	0.013187565784551269	0.0014274323930580431
48.0	-0.0020970045311952124	-0.00029722593405678843	0.0078716776763594343	26.446478052393271	1.0034517548313977	0.01233831050030143	-0.0041930108468459792	0.010325012657709243	-0.0003723462040803363
49.0	0.0046611843803461284	0.0043542684907806883	0.0067315823138576203	26.746749559611342	0.9999953016405736	0.011051278032370604	0.037829164022339379	0.0096413779102106911	-6.5430314514784525e-05
50.0	0.005229978795678214	0.0044343697997004661	0.0027053906630696289	27.045053644743625	0.9965529435280287	0.013271633963783724	0.034187577284668702	0.012058222321552403	0.00073017868146280529
51.0	-0.012091453043463263	-0.009997676672153899	-0.018316489707469907	27.31938681537947	1.0034517548313977	0.0059889507424639721	0.023618835086086198	0.005679318224739438	-0.0013635976898465575
52.0	0.0051081294190091775	0.0019558990177113156	-0.021585228362010156	27.335086716605897	0.9999953016405736	0.0058523686545219888	-0.013102029452314756	0.0045424656134902541	0.0017886327114512806
53.0	-0.0059884243711822993	-0.0063270378683220052	-0.0091826233396195001	27.531322134611489	0.9999953016405736	-0.004213641411871194	-0.035304139211540297	-0.0068256404496829237	0.0021272462085911701
54.0	-0.0060828079251271649	-0.004469755208511339	-0.039507039294956581	27.625277619176298	0.9965529435280287	-0.0093184271747819292	-0.082878094313770578	-0.011896094728448325	0.00051419349197516365
55.0	0.0010702930809340927	-0.0044639278937654847	0.033172546769194788	27.640191205525429	0.9999953016405736	-0.014811086268617046	-0.038110183281574672	-0.016967530430487709	0.0060484144666747459
56.0	0.0017980676145794572	0.005529213355444762	0.022728831985468378	27.51699519592286	0.9965529435280287	-0.0089846469791154959	-0.023253028972465728	-0.0075458310819243035	0.0023172687258094142
57.0	-0.0055582414421790904	-0.0029574009120842959	-0.08389551360714087	27.536272246041548	0.9999953016405736	-0.01629631638198048	-0.11388012489346422	-0.016223307177792412	-0.00028357180428536393
58.0	0.0049183120480795761	0.0055495162505982965	0.087486700761287839	27.41702331714216	0.9965529435280287	-0.01518116993108265	-0.029098814795246009	-0.016478418428744535	-0.00091477600680394723
59.0	-0.0083416041065145219	-0.0086699465865527348	-0.055481336718320451	27.53688442687108	1.0034517548313977	-0.013853439845481486	-0.066263661806096552	-0.013756633799221651	-0.00058643352676588083
60.0	0.0020737115798932226	0.0027545180791723745	0.032827012144563961	27.366657591779852	0.9999953016405736	-0.013054820784020427	-0.011851421299522436	-0.013735278322089206	-0.0012672400260450253
61.0	0.0060638708225297933	0.0019456056153934753	-0.0001138134794860246	27.379731535451114	1.0034517548313977	-0.0047821773003049461	-0.0027826114393889601	-0.0080467244179247555	0.0028510251810913074
62.0	0.0013827073172854032	0.0059962237598996104	0.023953493189568409	27.25865862285405	1.0034517548313977	0.0056838016681060033	0.06067792104513603	0.0011188659291609948	-0.0017624912615229031
63.0	0.00073414198895638272	-0.00082345519846382942	-0.026743421542270607	27.247993523247604	0.9965529435280287	0.0093242743634076586	0.00076195273367063443	0.0091560121953020435	-0.00020489407410261888
64.0	0.0058101767631923984	0.0069421504278486257	0.032067510739000937	27.12535629114279	0.9965529435280287	0.010737211435811522	0.010100631487203193	0.007848069489235554	-0.0013368677387587803
65.0	0.0025532146089679575	-0.0014260458478105864	0.014446956023776547	27.427130441490089	1.0034517548313977	0.012268566500085232	0.10844310111812061	0.016337909372463599	0.0026423927180197985
66.0	-0.013498663835171953	-0.0072733581518618085	-0.063332122397175228	27.561589181671646	0.9999953016405736	-0.00055430790237487315	-0.042375722040342456	0.0021987689136135913	-0.0035829129652904944
67.0	-0.0018488716438835873	-0.0045162035559909164	-0.019466476045955527	27.653154378230514	1.0034517548313977	0.0035994351281869452	-0.0063608613679775328	0.0078233944019294732	-0.0009155810531830766
68.0	-0.010359829783971319	-0.010967507960984113	0.039942092143609331	27.896643159003247	0.9999953016405736	-0.010122590911969542	0.00075421863106783782	-0.0081434780148221808	-0.00030790287617031814
69.0	0.0024018651842219185	0.0012873489363520729	-0.056588826270347559	27.969897173539817	1.0034517548313977	-0.010780847591010945	-0.055720794159793696	-0.0087533513803548235	0.00080661337169948594
70.0	-0.0027564382589468917	-0.0031139487907942964	0.056281740141475911	28.220885270333472	0.9965529435280287	-0.019891020141704852	-0.023392547207886194	-0.01393467048007202	0.0011641239035469569
71.0	0.0024066767042338899	0.0041158311790674418	-0.061498148074279335	28.082113880878616	0.9965529435280287	-0.01495173376417358	-0.058147273739894922	-0.013091604182108751	-0.0005450305712865922
72.0	-0.0061313252367840576	-0.0091745021333353716	0.062325012025255644	28.352209604795725	0.9965529435280287	-0.031068386325357578	-0.027889772453640216	-0.031570179739503823	0.0024981463252646743
73.0	0.0022569155818099595	0.0039600736431313344	-0.026199709603223598	28.140770449577669	1.0034517548313977	-0.025682266834415657	-0.068536438080640361	-0.027854536363621119	0.00079498826394339096
74.0	0.003455784071682011	-0.0019818887519684747	-0.00084590196473022239	28.127819708414577	1.0034517548313977	-0.020390797434522323	-0.0060502176481953551	-0.024481842193876613	0.0062326610875938684
75.0	-0.0083823951324011325	0.0016599037141904471	0.020044169033401227	28.365525909021056	0.9999953016405736	-0.01421469016434096	0.033460427431161399	-0.020343381855548737	-0.0038096377589977256
76.0	0.0049549777404631623	-0.00042213998827445032	0.0023081707719148081	28.417047938761012	0.9965529435280287	-0.0036693221916312968	-0.0041734939405331239	-0.0036479502456991941	0.0015674799697398985
77.0	-0.0070841000050678726	-0.0028768801576177783	-0.02468912983663496	28.59841775590748	1.0034517548313977	-0.007833551285601148	0.027726202493179475	-0.0084696014301519629	-0.0026397398777103418
78.0	-0.005216790602395216	-0.0058409624797217674	-0.026603553639392485	28.521249939079997	1.0034517548313977	-0.010560564974528619	-0.055159091287688922	-0.014252954606449153	-0.0020155680003836876
79.0	0.0066530630166967697	-0.00037632549785548974	0.0099178551769711909	28.278802304600159	1.0034517548313977	-0.01505272165145155	0.016256911963561604	-0.013365584389026353	0.0050138205141684782
80.0	0.0010342486084964353	0.0016411108458533885	-0.0011225003611956552	28.419550886841719	0.9965529435280287	-0.0042371086722627904	-0.047190600422889695	-0.0052178286984119193	0.0044069582768116958
81.0	-0.0082091611646646356	0.00088605114473994107	-0.0059745169306577584	28.149202338536359	0.9999953016405736	-0.0073111311706541837	-0.026965407750323855	-0.011238975927749584	-0.0046882540325929685
82.0	-0.0012603210721120472	-0.0053859052077120939	0.01973637276149609	28.344029014461178	0.9965529435280287	-0.010715147626397803	-0.0063831330240975426	-0.0056117515337612556	-0.00056266989699295356
83.0	0.0030712065166813574	0.0026748515924075456	-0.051739029265684744	27.989618816145107	1.0034517548313977	-0.0097001997481807045	-0.078166331323183513	2.3982529071986392e-05	-0.00016631497271919372
84.0	-0.018176994041228189	-0.012959144557696201	0.032301323430493634	28.15606670838573	0.9999953016405736	-0.022237204317602455	-0.048173178664604688	-0.023946482835479843	-0.0053841644562512246
85.0	0.0064271537684748026	0.0011663228066878251	-0.00081547678419080505	28.317523988318435	1.0034517548313977	-0.018194001353296851	-0.024299525612160533	-0.014439899309429238	-0.00012333349446420124
86.0	0.0026734157544121562	0.0015566020466659669	-0.034809690630908108	28.177385381447134	0.9965529435280287	-0.010796436826909117	-0.032505662603676155	-0.010887365891826928	0.00099348021328198792
87.0	-0.0088239065101007874	-0.0083791829827111197	0.022398521875061972	28.322352786865327	0.9999953016405736	-0.018799294311764747	-0.020024995905585374	-0.016558627089147349	0.00054875668589228173
88.0	0.0034067405319910815	0.0089928303568584944	0.028790573478838288	28.136901419673652	0.9965529435280287	-0.011447574800759641	0.0098880779344485692	-0.0084773512638149917	-0.005037333138975017
89.0	0.0077683747029162475	-6.6748663868576585e-05	0.016626451879440562	28.392436009034782	0.9965529435280287	-0.012400374609368159	0.03248904674454689	-0.01756701533742433	0.0027977902278097403
90.0	-0.014899703145891285	-0.012719569017992871	-0.11652992359222891	27.956484134834799	1.0034517548313977	-0.019734038419648936	-0.10377724960917811	-0.022296907079974337	0.00061765609991129729
91.0	-0.0035652093307150245	-0.0027911791372845496	0.091367958983408548	28.180464730610577	0.9965529435280287	-0.025200069149341031	0.039329738639915179	-0.031587722013125097	-0.00015637409351904394
92.0	0.00045191141460976247	0.0021996798490266922	-0.022165280897587181	27.944456060549914	1.0034517548313977	-0.010041244742618138	-0.015136865688165635	-0.012184292835587085	-0.0019041425279359156
93.0	0.011827972010987065	0.008125601469145316	0.029591901414368849	27.773936068960598	1.0034517548313977	-0.0030819660801606474	0.015270512510394019	-0.0047385364942009733	0.0017982280139057431
94.0	-0.0010328495408504779	-0.0015539366478731775	-0.027583680135430999	27.910172539593233	1.0034517548313977	-0.0061925047746997919	0.022496523005871127	-0.0003582097319418942	0.0023193151209283504
95.0	0.0040791058211011588	0.0076160660135160541	0.063521208650219041	28.024647168822998	1.0034517548313977	0.0098027442215273819	0.063619209781028196	0.0011544011068511661	-0.0012176450714864308
96.0	-0.0076599188585861899	-0.0091038395315039544	-0.095954931486559425	27.879108726870133	1.0034517548313977	-0.0082939256668350669	-0.061126295184369517	-0.0055400451715053034	0.00022627560143121458
97.0	0.0019605951579595438	9.8081859712273456e-05	0.081354400392534942	27.975193782033706	1.0034517548313977	-0.0081290951432542169	0.0036016533287248631	-0.0035034061543137707	0.0020887888996786227
98.0	-0.010400321762957354	-0.0033749306626560394	-0.044322258737950593	28.140497787575324	1.0034517548313977	0.0012155432120826148	0.075809318183003183	0.0046920691030500894	-0.0049366022006226955
99.0	0.0082275761252297297	0.0029942601816688175	-0.019825448736430884	27.851748373435093	0.9999953016405736	0.0070009825310359819	-0.03538408953683625	0.0080820630705884522	0.00029671374293819229
100.0	-0.0040132799476346737	0.0011011864073982025	0.059001952217587084	27.92978187723887	0.9999953016405736	0.0059024890894074922	0.045783143578338015	0.0065873714480750856	-0.0048177526120946135
101.0	-0.00097000723531470712	-0.0034567249762493812	-0.069305766007338176	27.620577136827684	0.9965529435280287	-0.0056798373559872051	-0.05311452384336901	-0.0056339402783696091	-0.002331034871160007
102.0	0.0086215829033604585	0.0051040749786395168	0.066786432635093318	27.494999857709335	1.0034517548313977	0.00097817427052548922	0.041255588927155307	-0.0033211623022570969	0.0011864730535609219
103.0	-0.0010845142477364789	0.00046659265626836088	-0.022096852271398237	27.682012597488086	0.9999953016405736	-0.006171299086722204	-0.044362471994461972	-0.0011259820261042552	-0.00036463385044403578
104.0	0.0017784000208311834	0.0024244142235518851	-0.0085534401122371317	27.455937973323682	0.9965529435280287	0.0053569546683336355	0.043039019379860322	0.0040320354561127481	-0.0010106480531646767
105.0	0.0015012749613065868	0.001238207096985855	-0.027239391516635347	27.337624498066294	0.9999953016405736	0.006497079905607217	-0.065554772529309968	0.012288803100328538	-0.00074758018884394208
106.0	-0.00043516860837522486	-0.0033251087462995432	0.044241404977009902	27.170378561401431	1.0034517548313977	0.0065469018219637132	0.023008891185650526	0.0095186902860915357	0.0021423599490803871
107.0	0.0061631681109706182	0.0065202534932238265	0.024460352021248966	27.24543742991623	0.9999953016405736	0.010072895133518722	0.067294691943330376	0.0094971081327308582	0.0017852745668271296
108.0	0.0028014537189540167	0.0065751700426892601	-0.038317246812007211	26.999496051748789	0.9965529435280287	0.01554687876880978	-0.030024507086263919	0.019046314115421348	-0.0019884417569079773
109.0	0.0044862555465154941	0.0017579197710140271	0.04118286332222687	26.871900746210766	0.9965529435280287	0.020761523516073188	0.080464122243301128	0.021018176194840699	0.0007398940185934388
110.0	0.0049616569126225141	0.0068906907119150596	-0.015313002965776645	26.67908606475903	0.9999953016405736	0.022548139249348731	-0.001635313357568835	0.022251672580135162	-0.0011891397806992046
111.0	0.0086683937055651583	0.0014065368739866191	0.024056631444760557	26.73865830959798	1.0034517548313977	0.023488083467066989	0.044518170358589959	0.023070038861610742	0.0060727170508795185
112.0	-0.0062447923791602022	0.0016953523868077358	0.0082185833601493563	26.633608689699955	1.0034517548313977	0.02275902163032284	0.061290193830976447	0.025288138942834326	-0.0018674277150884683
113.0	0.00026054231700189945	-0.00081675925044866204	-0.0017847509966955055	26.709526044761198	0.9965529435280287	0.020704055282888323	0.086744834350916289	0.019538054833912577	-0.00079012614763788232
114.0	0.0094537527795930387	0.0095448139255025488	-0.016781633918486971	26.707097361739137	1.0034517548313977	0.033573977954690415	0.025721795455419416	0.027244644776440285	-0.00088118729354751601
115.0	0.0061977087492310901	0.0064253904474262935	0.029634794547151788	26.774700707205373	0.9965529435280287	0.033479114908892882	0.030896237981322239	0.032223192061255901	-0.0011088689917426314
116.0	-0.0028683582661290785	-0.0043336206204176442	-0.019020636592568918	26.983084066179437	1.0034517548313977	0.022570324245785978	0.050192848200760531	0.024988769445364101	0.00035639336254582701
117.0	-0.003445988052187543	-0.0037792480617886426	0.017784458043847762	27.25894669478884	1.0034517548313977	0.017033156412983308	0.026794442922381423	0.018426646865578267	0.00068965337214690924
118.0	-0.002220766844382327	0.0025569859740472989	-0.042421005491657615	27.212019540760675	1.0034517548313977	0.012699451675115547	-0.00031355960349954692	0.017471084104300649	-0.0040880994462826978
119.0	0.0040036048402649627	0.0013630444769729966	0.0058716823891322711	27.366464195903831	1.0034517548313977	0.012655959278101925	-0.018498508659127832	0.0097885361037937102	-0.0014475390829907784
120.0	0.00086343242749542526	0.0027510091486726562	0.067892145212538724	27.535165714910928	0.9965529435280287	0.013711616039966845	0.041175053193261535	0.014837965921305596	-0.0033351158041678339
121.0	0.011776532839735898	0.0053190757253127607	-0.092455911331688512	27.403909093666702	0.9999953016405736	0.019847451015728268	-0.049496107141731471	0.014023873459469538	0.0031223413102552835
122.0	0.0010211679688723052	-0.0020832769867695777	0.068368795517623981	27.676442225341987	1.0034517548313977	0.0082193601034561414	0.035654322294379481	0.0090301176346767598	0.0062267862658972094
123.0	-0.0035919564865085629	-0.00085886422149172859	-0.050134770083942515	27.798597035425033	1.0034517548313977	0.00093510543453811934	-0.044115242336714822	0.0013996472241433189	0.0034936940008803929
124.0	0.00074877372369042128	0.0033679706356655181	0.073401399276466606	27.94919688921388	1.0034517548313977	0.0086366966906212816	0.048306793532320702	0.0044229069634744711	0.0008744970889051259
125.0	0.0100333651439386	0.0083252457253850665	0.0031432083259768095	28.084092470161707	1.0034517548313977	0.020741190477794991	0.03366554381444975	0.017356601988795406	0.0025826165074588035
126.0	-0.013234695604371405	-0.01107339954963793	-0.026482344679853886	28.168133772675038	1.0034517548313977	0.0071108049541097618	0.049604204626253479	0.0059699205696766011	0.00042132045272527479
127.0	0.0096069450676836698	0.0058438192585963389	-0.011071796307524195	28.199015182123436	1.0034517548313977	0.011591579735733104	0.032660725929597012	0.014598556766834969	0.0041844462618126103
128.0	-0.0069386442386516478	-0.0044411178372989468	0.028569885835828313	28.334850497074903	0.9965529435280287	0.004399452749761501	-0.0066615334471133991	0.0012986933804788325	0.001686919860459941
129.0	-0.0038305598788987982	-0.001562853081347404	-0.077946630180322218	28.232856072983935	1.0034517548313977	-0.0024824760568986637	0.0078477477042528943	0.0064194420464698254	-0.00058078693709160811
130.0	0.0029162296087850148	0.0051884026789987825	0.060001766637770348	28.105188197447116	0.9965529435280287	0.0047892036088696965	-0.00051928117560073872	0.0062147437135666728	-0.0028529600073053294
131.0	0.0057873450708834095	0.0045507683891254924	-0.0082320558157626955	28.131769196696261	0.9965529435280287	0.010198836219486918	0.041383433092579081	0.010587593123283279	-0.0016163833255473494
132.0	0.0024884352038470059	7.9395528156611661e-05	0.0065361296290120663	28.178637373847266	1.0034517548313977	0.0069102611119780111	-0.025481836554875459	0.0064725459996490819	0.0007926563501430544
133.0	0.00070545785333142597	0.0045942651754671271	-0.027450255080778252	27.932377031121909	0.9999953016405736	0.0031792805620600717	-0.05607529996163052	-0.00080175198326681851	-0.0030961509719925917
134.0	0.0082182339117673475	0.0056822761839239178	0.048422302590516386	27.820688713112354	0.9965529435280287	0.01993495629562192	0.018829347308739752	0.015965321485693407	-0.00056019324414929091
135.0	0.0087939467182933662	0.0048494392492706151	-0.02448907069050521	27.618009093854585	0.9965529435280287	0.018940576286296196	0.0054120729257587374	0.016365165499470979	0.0033843142248734747
136.0	-0.0081057290853068231	-0.0047954437610786549	0.013703588004483347	27.855329752165741	1.0034517548313977	0.018586250362516488	-0.0094542249055862282	0.016045085145436788	7.4028900645320872e-05
137.0	0.011587275238987838	0.0066467229851185916	-0.044775082307532799	27.552567160631103	0.9965529435280287	0.026795826428982483	0.023717322967203192	0.021303592464665178	0.0050145811545145398
138.0	-6.6023119964508936e-05	0.0012933845435212366	0.0032158387274912048	27.258211318071869	1.0034517548313977	0.022900808293504937	-0.033068604943075952	0.024867678440302576	0.0036551734910289066
139.0	-0.0061919538526595819	-0.0018103013688117731	0.018141526610411018	27.026150201426734	0.9999953016405736	0.016539738535567672	-0.0066950225169022382	0.017375133055809844	-0.00072647899281902569
140.0	-0.0024193412598865205	0.00028745370750904442	0.048681373390956795	27.318344161008778	0.9999953016405736	0.016747796714920105	0.03545022124504249	0.016184103218113588	-0.0034332739602144836
141.0	0.016115728592957401	0.012803794843131655	0.00084712449084234365	27.198265902898743	0.9999953016405736	0.024957326382584633	0.063747600816663086	0.027234351311490101	-0.00012134021038877266
142.0	-0.007446711366082992	-0.0063537046215265125	-0.0238428381318041	27.399552244774892	1.0034517548313977	0.012921345577134202	-0.0085175399056574008	0.016943794579070248	-0.0012143469549451831
143.0	0.0067004023357104536	0.004531946835525158	0.011645378931898209	27.434997286753582	0.9999953016405736	0.012603853163388745	0.027616909716746019	0.013237821447904086	0.0009541085452399676
144.0	0.0014781509855881225	-0.0016453258043107599	0.0015636705604671342	27.670583039961283	0.9999953016405736	0.01575397112015664	0.015476992272729806	0.022525244064770078	0.0040775853351388749
145.0	-0.0059723175888080071	0.00094194386364887528	0.015067751838131915	27.570537638990306	0.9999953016405736	0.010049191998686924	0.07531982641839452	0.010722552291219989	-0.0028366761173180387
146.0	-0.010226712704564322	-0.012081560559857651	-0.060395349999418979	27.321676773452911	1.0034517548313977	-0.0033257531046919642	0.011708637691484336	-0.0043035810404068453	-0.00098182826202455366
147.0	0.0019232553471162372	0.00010199535405019944	0.045472297219101288	27.401097988974971	0.9965529435280287	-0.0014134563818299917	0.039039408300174605	-0.0015180993638734819	0.00083943173104133214
148.0	-0.002320494776750337	-0.0043477175967585602	-0.027655977991338787	27.408491544651472	0.9965529435280287	-0.0060486276860975963	-0.037297943082120977	-0.0052648219054634016	0.0028666545510495703
149.0	0.0017160345991544812	0.0032927539989222598	-0.027337855633882358	27.512933538415044	0.9965529435280287	-0.015559668530306991	-0.065482923206845678	-0.012499162094810279	0.0012899351512818823
150.0	0.00087408565290347795	0.0011176099754668378	0.088999839263643521	27.511000305123272	0.9999953016405736	-0.0080883539333136412	0.047359754188601944	-0.0089121615795402231	0.0010464108287185055
151.0	-0.0015849157745602138	-0.0039344959833540472	-0.066115520954525664	27.503443399149393	0.9965529435280287	-0.016554796752192846	-0.03040114569782193	-0.016040884182283666	0.003395991037512302
152.0	0.0033334805937343948	0.0054829770322943894	0.02130178658885562	27.354875750757817	0.9999953016405736	-0.009426493915587697	-0.010663029669433444	-0.018108585529373444	0.0012464945989524143
153.0	0.0051197843790766751	0.0069648914741615719	0.0045949471999939817	27.200061637237923	1.0034517548313977	-0.0034035463050750003	-0.021135834307571377	-0.0085625733968310858	-0.00059861249613254021
154.0	-0.0030984390214079394	-0.0038417392866412214	-0.0060547802758565972	27.039259122508213	0.9999953016405736	0.0048362749681414297	0.033204735415991005	-0.00059698149833176117	0.00014468776910065036
155.0	0.0029955343085703579	0.0049261053300022617	0.015950528772991523	26.912967573475182	0.9965529435280287	0.0096603849440934919	0.0036829669698812406	0.0064007175864539967	-0.0017858832523313013
156.0	0.0054589319697291305	0.0022923119021287519	0.025547258448440857	27.231896511922955	0.9965529435280287	0.016300414442980804	0.056886203409660885	0.016638137490689209	0.0013807368152692512
157.0	-0.0023485690118054681	-0.0033483493318600122	-0.0064611751688146146	27.354432686805012	0.9965529435280287	0.009659311112198532	0.077762883874728628	0.0090107858113224193	0.0023805171353238289
158.0	-0.010784301895647941	-0.0008780785615940534	-0.039931252095721348	27.168806734870049	0.9999953016405736	0.0076636225751376408	-0.051168207484636241	0.0073287168263866942	-0.0075257061987302198
159.0	0.0066559572467133066	-0.0039464841811258644	0.0057667730395873917	27.388594378226092	0.9999953016405736	0.0076516343773658235	0.020714086509476815	0.0071569835111349178	0.0030767352291089173
160.0	-0.0011230788327152297	0.0020964134164680459	-0.0033514586160861004	27.404007437325053	0.9965529435280287	0.0042650707615394801	-0.003939158695464906	0.0096431945482036152	-0.0001427570200741899
161.0	0.0033455680718026404	0.0020387236433820899	0.029308158248154248	27.69329833891706	0.9999953016405736	-0.000661097069240002	0.02077405235269536	0.0049534089250777846	0.0011640874083462208
162.0	0.00041086540021728624	-9.8036051650041145e-05	-0.059947363919013119	27.802302400114854	0.9965529435280287	0.0030826061657511783	-0.033118531290461162	0.0076829633064565694	0.0016729888602136621
163.0	-0.017952630891848953	-0.01048279276758235	0.00033510131846270497	27.944510780546114	0.9999953016405736	-0.012326291931833433	-0.04873395874498998	-0.012534320459592463	-0.0057968492640529832
164.0	0.00097190291156046271	-0.0018043320465779278	0.025912413967627002	27.785822231836036	1.0034517548313977	-0.016422935880540113	-0.048368803225803836	-0.021753233025180174	-0.0030206143059145828
165.0	0.00014816362716896236	-0.0020311215750723477	-0.03135899219799998	27.923316531238811	0.9965529435280287	-0.015105708123752448	-0.073266620254989201	-0.016343913454845094	-0.00084132910367337472
166.0	-0.001420975917074907	-0.00026345252884985015	0.018977353016439436	27.92631852283418	1.0034517548313977	-0.014491082091008245	-0.014358015142828418	-0.013896247921439064	-0.0019988524918982675
167.0	0.011363219757298149	0.0086718763163797785	0.014748897158280094	27.755700514842424	0.9965529435280287	-0.001872721593502602	-0.005375891024135715	-0.002973124051930176	0.00069249094902012922
168.0	-0.0013065114931651856	0.00068651140466258198	-0.0056706534318853308	27.56689622539659	0.9965529435280287	-0.003282623605308066	-0.0076950858399349453	-0.0059116909235015225	-0.0013005319488078107
169.0	-0.011006882081810998	-0.0079856818956001163	-0.058746093692799928	27.610694441775518	0.9999953016405736	-0.013307029144290272	-0.095749337780889121	-0.017416883598568855	-0.0043217321350186083
170.0	0.0087424337484311998	0.0028741938023923996	0.089336847448216572	27.914412796663512	1.0034517548313977	-0.010334799290247831	0.05353487358634057	-0.015583483680261523	0.0015465078110200607
171.0	0.0085169021989583982	0.00728476206344153	-0.0074630294395694463	27.98145808650046	1.0034517548313977	0.0074327555407760482	0.045736742828308419	0.0092164302337898185	0.0027786479465370028
172.0	-0.00059537151792254939	0.0007578649946435867	-0.041626327944507269	27.91862931004108	1.0034517548313977	0.0099949525819975626	-0.021801999083825851	0.010384619435505504	0.0014254114339708175
173.0	-0.0046714930678044553	-0.001445730931254996	0.0076710248941169734	28.076238603870916	1.0034517548313977	0.010580343225814914	0.017228018008291102	0.011767134134062607	-0.001800350702578591
174.0	0.0011224295990657218	-1.9056181312704368e-05	0.055631119173135568	28.020856575904887	1.0034517548313977	0.01082473957335206	0.053881784164987234	0.0090300191717234135	-0.00065886492220004116
175.0	0.0081215178267666222	0.0060774626203756732	-0.038144919507810071	28.020314506523029	0.9999953016405736	0.0082303258773479548	0.00098796749889706881	0.0093924716418991583	0.0013851902841907847
176.0	-0.0024968701266863125	-0.0026352077491833548	0.028016562339417961	28.115318013286942	1.0034517548313977	0.0049086067235020181	0.03467518327020036	0.0064333512237524371	0.0015235279066878164
177.0	0.0045479239748777989	0.0035283758567146162	-0.057760153764603972	28.02183364204604	0.9965529435280287	0.016422664475816751	0.035661123198396316	0.018002200120718292	0.0025430760248511242
178.0	-0.0093423273241308724	-0.0060556058334226837	-0.019270977721841609	27.698061175884153	1.0034517548313977	0.0074928648400016673	-0.072946701971661865	0.01319037675561785	-0.00074364546585703776
179.0	-0.0073376192814162966	-0.004492480719714198	0.029498625967476322	27.859238589633581	0.9965529435280287	-0.0042843779431540607	-0.035985046564616097	-0.0017931280223462132	-0.0035887840275592156
180.0	-0.0038415592407834431	-0.0057154958097900277	-0.008684362771280929	27.820072335559914	0.9999953016405736	-0.010757738747587675	-0.003043081391389757	-0.00834404976960057	-0.0017148474585526716
181.0	0.00031042832733119141	-0.0027528768345796983	-0.0061756087770545864	27.962943140994177	0.9999953016405736	-0.012064884650912377	-0.016889715062561317	-0.011877039715651572	0.0013484577033582499
182.0	-0.0055812191076984874	-0.0061118521714691454	0.012014137076740372	28.161580907776766	1.0034517548313977	-0.018157680641068819	-0.060506697158956513	-0.019880645203767644	0.0018790907671289978
183.0	0.008469952511204859	0.0047291318789095538	-0.03555617419803303	27.852779963154376	0.9965529435280287	-0.019506011382534938	-0.057917951849179472	-0.015792807534803277	0.0056199113994242498
184.0	0.00051419635546667841	0.0058381371897129331	0.093691253251146245	27.814520348709955	0.9999953016405736	-0.01103266644363865	0.007756739062548812	-0.011649451584600401	0.00029597056517804195
185.0	-0.0045288981585271948	-0.0048507618685562637	-0.080758140208908813	27.73507320015624	1.0034517548313977	-0.01941180416890953	-0.015241247381756029	-0.020768705134718735	0.00061783427520699407
186.0	-0.0026954787126127755	-0.0016298325517269951	0.028129404923841417	27.936440925863586	1.0034517548313977	-0.014986030887213841	0.032159135263926997	-0.016085712499056104	-0.00044781188567878893
187.0	0.0018335117360921416	0.0024104697960960486	-0.012070136258330422	28.095066020916214	0.9965529435280287	-0.0080830803714035948	-0.0094096269618797468	-0.0085402649936849873	-0.0010247699456826965
188.0	-0.0067975979877419324	-0.009796933906030425	-0.026515463845267151	28.204769611842686	0.9965529435280287	-0.012164518467643992	-0.027240728035865969	-0.010680645225956242	0.0019745659726057448
189.0	-0.0030423365525780177	-0.0019605654356897873	0.012302769952991843	28.162894956258889	1.0034517548313977	-0.011372207068754081	-0.008762349305819539	-0.012502652453180829	0.00089279485571754915
190.0	-0.0066498199894016174	-0.0052334896923404983	0.010998958392149039	28.365130049374812	0.9965529435280287	-0.010493844589625434	-0.0097775279904108725	-0.0098733613495904926	-0.00052353544134359328
191.0	-0.003168253458224024	-0.00096474698096660205	-0.00057543250024227888	28.178517271440622	0.9965529435280287	-0.01618772344950159	0.025203213707379879	-0.019556404633555236	-0.0027270419186010034
192.0	0.0035477671522492482	0.0011315684256838487	0.01371974959747968	28.225624323340679	0.9999953016405736	-0.020894292213530674	-0.054768289946286686	-0.023266714079003048	-0.00031084319203553807
193.0	9.9049564364239728e-05	0.00077572826929506178	-0.044116070752600933	28.33195412504439	0.9965529435280287	-0.015267802075679349	-0.018126220489978806	-0.0076748417674832314	-0.00098752189696647949
194.0	-0.0016453033920815763	-0.0058030759836900092	0.018055159501882301	28.510737463596595	0.9965529435280287	-0.019441045507642363	-0.028200465911937922	-0.021765258474805815	0.0031702506946421492
195.0	-0.00015724723451771006	0.0006208030567913525	0.028962563833407895	28.778856839841872	0.9965529435280287	-0.021230712246947059	0.012832234179800395	-0.017205541352844467	0.0023922004033329674
196.0	-0.0033080875583653135	0.0016662105263127724	-0.071645208024013085	28.429349829805748	0.9999953016405736	-0.0097675678146038614	-0.032297509998945539	-0.010395180991806363	-0.002582097681345057
197.0	0.0041423552358275106	-0.0013877138993638738	0.023127674641395979	28.350374796296325	0.9999953016405736	-0.0091947162782779479	-0.021472605310541404	-0.0083997682135947827	0.0029479714538462568
198.0	-0.014991280055197009	-0.010598640151211258	0.047983166778020614	28.45056655874178	1.0034517548313977	-0.014559866737148708	0.015511603075330171	-0.014246952844837457	-0.001444668450139552
199.0	0.0098445425700839362	0.0080636025495033348	-0.0060278202338097664	28.311242797145788	1.0034517548313977	-0.005531517206678771	0.010059215341762684	-0.0030855631123489768	0.00033627157044109607
200.0	0.0013527225585514557	-0.0013488320345109717	-0.071741191034742968	27.963837884487269	0.9999953016405736	-0.0080119176668735914	-0.075401725290459964	-0.0028136717041336023	0.0030378261635035167
201.0	-0.014144527987870692	-0.0085184355760070662	0.062093505943811467	28.213823316314514	1.0034517548313977	-0.017306081512175719	0.030807851405952436	-0.021069093440900799	-0.0025882662483599685
202.0	0.0060522371936566621	0.0030588433164335793	-0.030079764757427352	28.170329262594038	1.0034517548313977	-0.0084441622120521309	-0.017327072853357217	-0.005383405258161611	0.00040512762886303519
203.0	-0.0029512167236431797	0.0003092049364674665	-0.030813904849878559	28.229625422782266	0.9965529435280287	-0.0087557603323760169	-0.077103541536643672	-0.011399684857523518	-0.0028552940312477296
204.0	-0.0083245053625666809	-0.0062765684650667453	-0.018871967725508476	28.252883214338866	0.9965529435280287	-0.016698539323755535	-0.024330301238139063	-0.013031534717872661	-0.0049032309287476167
205.0	0.0045941499950334919	-0.0028009769440722199	0.066673023393627684	28.092542262767662	1.0034517548313977	-0.018111802368463881	0.019215047514092642	-0.018634663868749568	0.0024918960103580486
206.0	-0.0097913877151909467	-0.0073707868797772136	-0.0073884369453423027	28.320852203743577	0.9965529435280287	-0.014883949097029836	-0.036156556209270274	-0.017028540381808899	7.1295174944483299e-05
207.0	0.0036417517507809638	0.0057901390305155065	0.0077197772641912632	28.360920211858243	1.0034517548313977	-0.017157412616017664	-0.022408958711269245	-0.023554974450253008	-0.0020770921047900859
208.0	-0.010559251776300904	-0.0086291162799660981	-0.019817920778659071	28.366808696241158	0.9999953016405736	-0.024437696861472791	0.029514311544814653	-0.030646092742423026	-0.0040072276011249653
209.0	0.012230107597091644	0.0092368985754980315	-0.010804719281680475	28.117738910069093	1.0034517548313977	-0.006682362709967693	-0.043383913680677288	-0.0082766383221928308	-0.001014018579531299
210.0	0.0033100259392659925	-0.0010939973071477649	0.011873438116523971	28.102400769020978	0.9999953016405736	-0.010835203333549037	-0.0014307108067259655	-0.016964521536135146	0.0033900046668825195
211.0	0.0080290845162311886	0.010402554267691322	0.022557844247089065	27.93037236983913	1.0034517548313977	-0.00074185400232518184	0.051941038290241659	-0.0039406017235104063	0.0010165349154223513
212.0	-0.0028447049967950111	-0.00088666922811220239	0.061722694776702225	28.342476120068795	0.9999953016405736	0.004648045234629361	0.13253570079245236	0.0058944324721124097	-0.00094150085326053391
213.0	-0.00088278365747251897	-0.00012692364947763934	-0.12902563525522748	27.974144651012583	0.9999953016405736	0.0073220985292239416	-0.063162957856402802	0.0079796893551629111	-0.0016973608612552927
214.0	0.004115432314355294	0.0021508169523800635	0.079096606175486528	28.221957325766418	1.0034517548313977	0.016843702361381219	0.023322085264426029	0.014954774846887009	0.00026725450071990074
215.0	-0.0066552820748957409	-0.0024799263556309903	-0.037531390603779302	27.975971848911122	0.9965529435280287	0.0085736369752347219	-0.021929082603544536	0.014804181278723183	-0.00390810121854499
216.0	0.016715324136190146	0.0094105825428729695	0.069456838883626748	27.915218885633372	0.9999953016405736	0.026613335798073789	0.067345677058741282	0.029729072930862133	0.0033966403747723692
217.0	-0.0057369176461974369	-0.0036112055997663539	-0.0058098587410970737	28.233545053929539	1.0034517548313977	0.013765231622809404	0.072340537599324684	0.013301517462706691	0.0012709283283412495
218.0	0.016394919104136374	0.014649220545338792	-0.019002117626840676	28.060263043136477	0.9965529435280287	0.029508449475295961	0.041464981855960037	0.032079452104431638	0.0030166268871387523
219.0	-0.0089868364074416895	-0.0045469370278876653	-0.0056742413915571444	27.884513142323275	1.0034517548313977	0.014558958179716974	0.013232896217313828	0.011485109781563585	-0.001423272492415196
220.0	0.002732488349045159	-0.00084986490648431001	-0.0094406970435365611	28.068691044514591	0.9999953016405736	0.014595762501344867	-0.057930495602924958	0.010871081494219004	0.0021590807631141355
221.0	-0.01074900406200241	-0.010327396271180067	-0.032009778543683254	28.189441179236585	0.9999953016405736	0.0043952898796424389	0.039085361108619265	0.0066953571702836889	0.0017374729722918363
222.0	-0.0067696952404532329	-0.0011600792760722012	0.063690583876722107	28.313742042173232	0.9965529435280287	0.0010843936511901742	0.023679338809854844	0.0032738186081082699	-0.0038721429920891464
223.0	0.0069672690874118537	0.0027188891220526479	-0.083359486289660945	28.372998330192537	0.9999953016405736	0.0062832091288738123	-0.022148756876026798	0.0056001648902401779	0.00037623697326995314
224.0	-0.0025867534298449346	-0.0030064073955795578	0.049238297742950632	28.5891399249107	0.9965529435280287	-0.006133780809578715	-0.042367298016702915	-0.0040262745551702395	0.00079589093900459961
225.0	-0.00025358857505031196	0.0019943986577015682	-0.00015724182754417448	28.602386210181177	0.9965529435280287	-0.00052817655211079284	-0.036714681103150015	-0.00070218766798380017	-0.0014520962937471982
226.0	-0.0022191785570806477	-0.0027615738586315164	-0.037451200528614725	28.510735254626876	0.9999953016405736	-0.017938970956081102	-0.055163764004924065	-0.014705475042577687	-0.00090970099219637394
227.0	-0.0038462282939513148	-0.0058576227843394335	0.0018302266813738921	28.442412536558955	1.0034517548313977	-0.01924965671253287	-0.047659295931993029	-0.01882874557139913	0.0011016934981918271
228.0	0.00084814445350667178	0.0020456089105340691	0.040608354139845648	28.688311644961303	1.0034517548313977	-0.016354182895514491	0.0023897552513891807	-0.015290377510045472	-9.5770958835676777e-05
229.0	-0.0052402223617558086	-0.0027983344817821276	-0.033457285581624863	28.643328734936098	0.9999953016405736	-0.0088251211061165513	0.00094224821344757181	-0.011093487391398371	-0.002537658838809406
230.0	0.018190108585953935	0.01415858916723578	0.10097146378336586	28.676709454811501	0.9999953016405736	0.0064935473371914298	0.038223128120091321	0.0088736141815515257	0.0014938605799088556
231.0	-0.0041781774826057383	-0.003259725818399728	-0.052050734664618625	28.947885383747245	0.9999953016405736	0.000514932396739054	0.06953187974513364	5.6874315790489405e-05	0.00057540891570293667
232.0	0.0040623204258027901	0.0040083672115491797	-0.013553577501773661	28.965555205597035	0.9999953016405736	0.0075297070038677916	0.0067400045004093467	0.0065309619453444157	0.00062936212995647479
233.0	0.0019802728404285652	0.0023677613077044413	-0.023862684985269889	29.102061616680938	0.9965529435280287	0.0079030696538706646	-0.016965438657316367	0.0043816653906816327	0.00024187366268048924
234.0	0.0021142930293320816	0.0012220516148091498	0.022115004735338673	28.902878811627691	0.9965529435280287	0.011886695127311331	0.042600766606637031	0.0060621767230899515	0.0011341150772034257
235.0	0.0045669252171800512	0.0064234088721717431	0.012360324609618445	28.922615039900595	1.0034517548313977	0.024167726783822507	0.053130864534881583	0.0243650410424463	-0.00072236857778813378
236.0	-0.0057839790430158633	-0.0043272388417776586	-0.037882991500134855	28.83841450552346	0.9999953016405736	0.01779487903151078	-0.02536048110509892	0.016088029977152418	-0.0021791087790263971
237.0	-0.0020944392045714189	-0.0023998864728429492	-0.091759191938273754	28.692012569836439	0.9999953016405736	0.018193327040449958	-0.083662387461747811	0.020526078116527735	-0.0018736615107547917
238.0	-0.0018619843328331331	-0.0065280484049532461	0.060231774427009444	28.737553240303679	0.9999953016405736	-0.002493310531739068	-0.12440207681810422	0.0003893178755962623	0.0027924025613652566
239.0	-0.011643307191919083	-0.0037546587494987627	0.048660490222487196	28.74546357842874	0.9965529435280287	-0.0029882434628381027	-0.023690851930998402	-0.0022730457169997109	-0.0050962458810551222
240.0	0.0039588244298809361	-0.0025026902804201612	-0.032338146454665928	28.661311460889547	1.0034517548313977	-0.0094993009548074436	-0.042475420883890669	-0.0095969089854048839	0.0013652688292461464
241.0	-0.0062337237405023505	-0.0012255735164530268	0.04680404412724215	28.528993689115012	0.9965529435280287	-0.013092635778964912	0.02819130822862137	-0.010586450522010127	-0.0036428813948032723
242.0	-7.8616010817045279e-05	0.00034205081205618271	0.010929265934692012	28.430610560160609	0.9965529435280287	-0.013972636581717879	0.017005569427974709	-0.0077132962832862084	-0.0040635482176765185
243.0	0.0093311974108800655	0.0078099862431451061	-0.0018185841781079848	28.302532014496617	1.0034517548313977	-0.012586059210744516	0.0028266606402482797	-0.0095891779342844874	-0.0025423370499416359
244.0	0.0076342485959459694	0.00574237620463669	0.0031782251158574137	28.167202431677627	0.9965529435280287	-0.0025164441643301672	0.043887877256240548	-0.0050471668562135363	-0.00065046465863219014
245.0	-0.001869799204458511	-0.0043653405112302757	-0.03101965425503983	28.33888867602078	0.9999953016405736	-0.0044818982027174936	0.10462741493947447	-0.0080179236640982587	0.0018450766481394318
246.0	-0.005255025273255276	0.00087978304398439455	-0.0052926958630274967	28.296826425932519	1.0034517548313977	0.0029259332462201471	0.039102944649437532	0.0033281409216137092	-0.0042897316691002723
247.0	0.0086644800394952703	0.00014645787385525466	-0.0065651102992154708	28.234378735293731	1.0034517548313977	0.0068270498695741644	-0.016122655872265135	0.0087520740973987543	0.0042282904965397971
248.0	0.0014634000152053961	0.0027524194167347638	0.023289533097579529	28.040478195157629	1.0034517548313977	0.012082159566729089	0.039505023679980322	0.0092759314170127727	0.0029392710950104169
249.0	-0.0066400378500461876	-0.0033659194637192247	0.0039344910882344042	28.257427601821114	1.0034517548313977	0.0099418136194628914	-0.0033645293590274239	0.017716822373922358	-0.00033484729131655415
250.0	-0.0034379874088510398	-0.0030397473568581912	-0.0070345558109405903	28.463523410226294	0.9965529435280287	0.0065600154505485175	-0.021328351104660026	0.005878964405567455	-0.00073308734330933701
251.0	-0.0028051840740197509	-0.0011298902243963571	-0.024966398652001454	28.597445486651377	0.9965529435280287	-0.0023798610169929457	-0.044476165578553495	-0.0012123834206005935	-0.0024083811929326571
252.0	0.0067883765574641153	0.0028947538765173864	0.070494865369893134	28.947336818059558	1.0034517548313977	-0.0052274833451122493	0.022840474675482225	-0.0050543437833185934	0.001485241488013932
253.0	0.011050777706584469	0.012362244118764298	0.0035201587790130162	28.871869008742078	0.9965529435280287	0.011500101284882325	0.057380287709535072	0.018501259521555236	0.00017377507583423197
254.0	0.0038928124959256571	0.00050007105784177774	-0.061834137183336413	28.598684544038161	0.9999953016405736	0.011120389298739708	0.00083884638922615551	0.0079094456230750509	0.0035665165139181377
255.0	-0.0012556675054120614	0.0040440557151040224	0.056869439006386191	28.493644247273554	1.0034517548313977	0.015017987139988476	0.064273395694827817	0.0094975303115374388	-0.0017332067065981068
256.0	-0.0043735729166867188	-0.0074907470939276077	-0.01320505144575046	28.764047876034873	1.0034517548313977	0.0047748206293261042	0.027778811151497829	0.0060430909505098107	0.0013839674706429489
257.0	0.00047007476957183769	0.001945935308740987	-0.011423247066812081	28.79479590204776	0.9965529435280287	0.010086675401786316	0.012421072996451343	0.0044974135484339151	-9.1893068526233132e-05
258.0	0.00017531944724891169	0.0022227747388345875	-0.041269508825167778	28.888853417948578	0.9999953016405736	0.015349197497479095	-0.021813880017775844	0.010544893556446056	-0.0021393483601120848
259.0	0.0022677199287721717	-0.0046763662592979038	0.0085850627070291896	28.82489826463323	1.0034517548313977	0.011802721462577548	0.011737581341254799	0.01191842833746537	0.0048047378279581932
260.0	0.0036371552731397916	0.0077356807526471894	0.026749127976292364	28.62194890983865	0.9999953016405736	0.016643648338707351	-0.032008156052345971	0.019301375728524306	0.00070621234845079958
261.0	0.0048807424095673735	0.0040203491044725759	-0.015994337058311547	28.358125394285107	0.9965529435280287	0.0083017533244156283	-0.051522651889670534	-0.0015089835253223605	0.0015666056535454818
262.0	0.0010599455461828278	0.0053254823791024641	0.030388710475621084	28.369450599000274	1.0034517548313977	0.013127164645676315	0.040700195769286962	0.011054595576621029	-0.0026989311793742367
263.0	0.014110197865003782	0.013236423494193739	0.037235995975581693	28.263307863520936	1.0034517548313977	0.022319532424766031	0.021066752738482464	0.021352364923129308	-0.0018251568085641465
264.0	-0.004140706521973847	-0.0061783785204185815	-0.069214943981248389	28.347792229399285	1.0034517548313977	0.023631900998275057	-0.034943139797015466	0.022687212078988939	0.00021251518988074319
265.0	-0.0026136948032129403	-0.00092499403083512455	0.068298026506053766	28.261346610445681	1.0034517548313977	0.020760971658698946	0.044778133775850382	0.019637593262779918	-0.0014761855824971051
266.0	0.010174842908740045	0.0071781016662326724	-0.071735963054894825	27.927260282553256	0.9999953016405736	0.025716298586097031	0.014311679546123335	0.028691325741584617	0.001520555660010113
267.0	0.0063002871243975633	0.0067136433036698584	0.062112183510842023	27.767685837790108	1.0034517548313977	0.037106308149064793	0.067838800349936168	0.034811323637240488	0.0011071994807378975
268.0	-0.0024634271459811341	0.00061977294133086502	-0.019846386807002458	27.735486370439805	0.9999953016405736	0.029990400337748468	0.021243285566641346	0.029814336018025855	-0.0019760006065741701
269.0	0.0074737458973896942	0.0050104378987141374	0.030094042428926437	27.591957631214228	1.0034517548313977	0.03098048913199003	0.06733166505387933	0.033463485345821553	0.00048730739210145284
270.0	-0.0026597697060124492	-0.00218262822138926	-0.021486796795583185	27.768761351361618	0.9999953016405736	0.023472378531498306	0.015456157782675062	0.027414185161216409	1.0165907478206558e-05
271.0	0.0020730550985845753	0.0024976336017878964	0.023762242372942	27.631313951925193	1.0034517548313977	0.012733588639092464	0.0019824041800353687	0.014899731829927543	-0.00041441259572503269
272.0	0.0070895456223600828	0.0095767416145489115	0.0071505978092414324	27.67755114039236	0.9965529435280287	0.028488708774059956	0.07834794597052519	0.035555247052263539	-0.0029016085879139076
273.0	-0.009555693046321867	-0.01034701893139145	-0.0069192974407503716	27.926191373000876	0.9965529435280287	0.019066683873503631	0.0031306220237210525	0.018197846435064724	-0.0021102827028441971
274.0	0.005550335117748384	0.0029085072184282801	0.020870038380522482	28.042348459929517	0.9999953016405736	0.014797089425699239	0.095736623459138359	0.014220034777129964	0.00053154519647569598
275.0	0.0087818573161686508	0.0067523343522932766	-0.010969859220240741	28.295254628638229	1.0034517548313977	0.014835780474322657	0.022654580728055596	0.018864162137998131	0.0025610681603512662
276.0	-0.0073887295992480784	-0.0023771876562426186	0.0010987276240390642	28.170315337899332	0.9999953016405736	0.011838819876749174	0.043599695159097118	0.0094161881621850352	-0.0024504737826543527
277.0	0.0046982312888039779	-0.00082653459055137546	0.0029195605318903528	28.252249324485376	0.9999953016405736	0.0060018473874836609	0.016425213262061034	0.0054923998877141056	0.0030742920967010679
278.0	0.001269881251867	0.0038828523663367864	-0.0046143486993708294	28.306623964870376	1.0034517548313977	0.012067327975209707	0.033297661358273389	0.007514650772071807	0.00046132098223122982
279.0	-0.010061500946007218	-0.0063929375388565024	-0.011707943889502692	28.343449186576134	0.9965529435280287	0.0031767568345653086	-0.0021725249041713024	0.0035485550625944384	-0.0032072424249193691
280.0	0.0097552288220263961	0.0057311854049892919	-0.016709619172444734	28.308414819186297	0.9999953016405736	-0.00066879937499431108	-0.026032741885857469	-0.006435317258952411	0.00081680099211764489
281.0	-0.0029740353562057731	-0.0043944771350898915	0.069951800694787014	28.71485191553046	0.9999953016405736	0.005283742421307247	0.050838356249679917	0.0080801708833035946	0.0022372427710017082
282.0	0.0077245815570474718	0.0092940303536961366	-0.02820583390299114	28.601885050044206	0.9999953016405736	0.011669265556575104	0.001762483966166295	0.014596715170263508	0.00066779397435311194
283.0	0.006752631230562578	0.0015628974349086722	-0.058208240906263198	28.691310626372662	0.9999953016405736	0.0064798286391904991	-0.045475897719856162	0.00027474453303200086	0.0058575277700069796
284.0	-0.0072571005208659223	-0.002179189054654751	0.077547217670465463	28.843582478982867	1.0034517548313977	0.0066778272407783668	0.030972592326570236	0.008598998260142654	0.00077961630379594479
285.0	0.0021794231922616092	0.00070464899262456804	-0.0040997582751574058	29.180151712455089	0.9965529435280287	0.0082090108239543103	0.023953273519522478	0.011619466654094524	0.002254390503432983
286.0	-0.01008458015351188	-0.0078580301881874259	-0.065473103080739614	29.328257899329547	0.9999953016405736	-0.0035318717305699021	-0.036905480861846307	-0.007057333860581938	2.7840538108384892e-05
287.0	0.011618460076181947	0.0091708817885098881	0.02807635301430822	29.134095534953889	1.0034517548313977	0.012031947596796488	0.0028788160419646047	0.011029880536132852	0.0024754188257805386
288.0	-0.010589814835001432	-0.0020637883143190816	0.0045383529520488519	28.96276050618053	1.0034517548313977	0.0042369738774881149	0.024126788166458191	0.003826052693022941	-0.0060506076949018795
289.0	0.0034333648936073491	-0.00045135828642894893	-0.035151048201440993	28.681478879520913	1.0034517548313977	0.0081800927261490575	-0.080976060729769817	0.0061124330139437077	-0.0021658845148656175
290.0	0.010134765840916993	0.0088889554375475299	0.024065557389672865	28.450094790473468	0.9965529435280287	0.0077750178100004508	-0.028704669437105812	0.0056682929221127942	-0.00092007411149612266
291.0	0.0020369693940640587	-0.00015589633842538753	-0.049048872521282538	28.069122550662815	1.0034517548313977	0.0060562240366663911	-0.019545301052125152	0.011748207217178619	0.0012727916209934213
292.0	-0.0072544127430540506	-0.0064572980333652552	0.061097063632916004	28.289264276177725	0.9965529435280287	0.0017781150579558869	-0.035995455089674611	0.0013913816742328056	0.00047567691130464618
293.0	0.0066997158938919554	0.0044343842920429033	0.069591982473850678	28.731479083945352	0.9965529435280287	0.0055078503573742221	0.037696285659333473	0.010044771479707171	0.0027410085131535978
294.0	-0.0059774141900863498	-0.0041379432860557674	-0.10455590323440522	28.644748992565319	1.0034517548313977	0.0092279372595058806	-0.0013865144943321361	0.013796571515381828	0.00090153760912309506
295.0	-0.0043220782650652545	-0.0039442025908866807	0.046352814849716317	28.918650485609668	0.9999953016405736	-0.0038871471198906882	0.016889947341075962	-0.00271012783049418	0.00052366193494437867
296.0	0.0050185744063904192	0.0059086325927895089	0.020689455606319074	29.245454372067005	0.9965529435280287	0.0040852737872179024	0.033041049995346183	0.0057851267563562292	-0.00036639625145467973
297.0	0.0036208285598551271	0.0028404517113074235	-0.0080281413341931618	29.538539606275332	0.9965529435280287	0.0073770837849542747	0.060163956862594015	0.0050535729794745077	0.00041398059709301928
298.0	-0.0020125794371610439	-0.0036937371172951483	-0.031039130946253213	29.334221912410698	0.9965529435280287	-0.0052056087698884035	0.0050592685266679371	-0.0047662272407558159	0.0020951382772270901
299.0	0.0061635890863562803	0.0063510311173438083	0.014243843700804115	29.562369854281044	0.9965529435280287	0.0013013186858807924	0.068351984748754591	-0.0014165805966490641	0.0019076962462397341
300.0	0.003275282840112359	0.0029616211571825701	0.031996296241147304	29.482396525413403	0.9999953016405736	0.010720237876428618	0.03925121735698589	0.012475502622952162	0.0022213579291694456
301.0	-0.0033478697235940214	-0.0005204430058354248	-0.06544802382277104	29.593247435698174	0.9965529435280287	0.0057654105785502896	-0.095788788939635827	0.0028407411953337292	-0.00060606878858911152
302.0	-0.0047114359333353395	-0.0035619678131675325	0.018690752244248321	29.77769266713268	0.9965529435280287	0.0063413860514385245	0.027457866539017717	0.0082314266411400716	-0.0017555369087568725
303.0	-0.00095640090876392136	-0.0015213006947740748	-0.0018112240724568185	29.962336086388525	0.9965529435280287	0.0087642879475511304	-0.020706172383155419	0.01171419750445768	-0.0011906371227467607
304.0	0.0093126649034112052	0.0072393389549272325	0.04831199901708505	29.874942316232033	1.0034517548313977	0.010094994309688854	0.0069163710276105572	0.0061674148452401933	0.00088268882573708869
305.0	0.0073421125634822726	0.0041546687242293157	-0.011476835384669037	30.147073390316152	0.9965529435280287	0.011409211322610746	0.0034676769771346816	0.014620363543728532	0.0040701326649900402
306.0	0.00067802439927766578	0.0041436467431146262	-0.040472192896617409	30.060926667280249	1.0034517548313977	0.019246595183020521	-0.005965384973229515	0.02125958451911103	0.00060451032115317409
307.0	0.0038458559845648832	0.0032253726017046347	0.082185855682551212	30.248861228318141	0.9999953016405736	0.016120936667381347	0.061976627008517582	0.015864350146091999	0.0012249937040133623
308.0	-0.00045332439250311829	0.0049608843901185473	-0.06859297514488305	29.972571040988765	0.9965529435280287	0.018120199900317324	-0.038612644377512773	0.014641706984449554	-0.0041892150786082523
309.0	0.009436807413878201	-0.0015211818199047933	0.043186394773818693	29.850683216778918	1.0034517548313977	0.017119461086247956	0.07002177421907696	0.011579033324010002	0.00676877415517482
310.0	-0.010673698986708446	-0.0011177076401582831	-0.027604416165778467	30.050639579802482	0.9999953016405736	0.019563721259257205	0.023726605809050172	0.017535532269850496	-0.0027872171913755242
311.0	0.0090561051836735018	0.0016776298800558198	0.042674302487644367	30.395590986884503	0.9965529435280287	0.0227626518340871	0.068212132369151357	0.016651033362850676	0.0045912581122423343
312.0	-0.0054977309524393281	0.00049796180224181974	-0.0093779738887007635	30.708539377625673	1.0034517548313977	0.016021274681401687	0.010522159463365544	0.020651315504466528	-0.0014044346424389237
313.0	0.0026306504013022813	-0.0011927200794059623	-0.005160597597266614	31.0100342802101	1.0034517548313977	0.010673885877766409	0.016838397250767967	0.0042044523960225177	0.0024189358382692874
314.0	-0.0044966273645503652	-0.004136732331783799	-0.018375620797563386	31.263194225659898	0.9999953016405736	0.002393506802867984	0.038934969349821991	-0.0028505949912300821	0.0020590408055026878
315.0	0.00042878650588229483	0.0023253728107865967	0.011518086498522706	31.334617245409927	0.9965529435280287	0.0014935070119499461	-0.031732799834206515	-0.0018154871836173481	0.00016245450059841171
316.0	0.0029760732290984304	0.0035588255190037721	-0.046906783225914461	31.014910244023618	0.9965529435280287	9.1448140835170832e-05	-0.010046607915237926	-0.00029347668461832122	-0.00042029778930688459
317.0	-0.011637079712957688	-0.009681383054415571	0.033681854413288859	30.846765025650591	1.0034517548313977	-0.0080687530936756069	-0.01955114827576776	-0.0065877200096748911	-0.0023759944478488806
318.0	0.0087039224166891582	0.0064632940954760798	0.0097140339825085853	31.1174782592044	0.9965529435280287	-0.00048775135804124403	0.017767301872519292	-0.0016940315478115586	-0.00013536612663589843
319.0	0.0055913543354584316	0.0026747972671037346	0.019243425305650375	31.234200566642134	0.9999953016405736	0.00050941602900667071	-0.0056635753094746999	0.0050304746742120265	0.0027811909417186963
320.0	0.0059969808238193867	0.0078382845385667199	0.034575433452777027	31.667918989622255	0.9999953016405736	0.0078497387653315709	0.03828983203200309	0.0046045897962709859	0.00093988722697154088
321.0	0.0060154617311969361	0.0091867474787608039	-0.014330745034895953	31.580617417468705	0.9965529435280287	0.018229206323498337	0.029119684594373751	0.023944531314779249	-0.0022313985205924046
322.0	-0.0032542125034953351	-0.0084105557603078029	-0.079531915772026895	31.677192488687393	0.9965529435280287	0.013955382894974333	-0.032036610380089758	0.018145634833244939	0.0029249447362200858
323.0	-0.0027138652650922079	0.003251203098187716	0.067088527839096912	31.562589139728217	0.9999953016405736	0.014881213182375452	0.023533830960484448	0.019082460135698476	-0.0030401236270598407
324.0	0.01387319884327276	0.01030307473223524	0.019784558805838293	31.483870143668401	0.9965529435280287	0.02162546239560692	0.090225172992237201	0.025412814637743253	0.00053000048397757078
325.0	-0.0024338633187872549	0.00034704943937136079	-0.038602788086612438	31.265051598389856	1.0034517548313977	0.031653894889393852	0.017940530492335904	0.033027126282326069	-0.0022509122741808433
326.0	0.0077952018206368656	0.0075211604057652259	0.02252841213050516	31.533059311084553	0.9965529435280287	0.032711761199682998	0.030754908640332479	0.032991086430783856	-0.0019768708593093059
327.0	0.0032049274553633822	-0.0014990694143397487	0.048262675633455432	31.769289530211669	1.0034517548313977	0.028537894518239515	0.059774158968137536	0.028093300336010429	0.0027271260103938458
328.0	-0.011168009193821549	-0.0072718644237124153	-0.10631326182430589	31.647840106665132	1.0034517548313977	0.01342774555596038	-0.081114536308945384	0.020772794714738474	-0.0011690187597153086
329.0	0.0023993650880422823	0.0050570434647885243	0.01982698541595096	31.795359703325708	0.9965529435280287	0.0092980415419881002	-0.046956805858098472	0.010028662066345673	-0.0038266971364616133
330.0	-0.010317215398157886	-0.012783246073525323	0.019072657108126112	31.837076892362905	0.9999953016405736	0.0049253512287705803	0.051647767022054536	0.00027538907063551221	-0.0013606664610942034
331.0	0.010716741383631101	0.0074450398925278716	0.026995796551502416	32.171344618740584	0.9999953016405736	0.0091191880231107358	0.01155503573446004	0.0045968033984709056	0.0019110350300090653
332.0	0.010231843907088534	0.013985156490629258	-0.0031859469795656459	32.223025431897831	0.9965529435280287	0.012801269781504754	-0.011415470050943899	0.0076279084981976109	-0.0018422775535315121
333.0	-0.0027566835346457541	-0.0076671941486403661	-0.0021347044217210343	32.518063394554915	0.9999953016405736	0.0047870261934930269	0.025052613613947505	0.0039851349420862991	0.0030682330604629004
334.0	-0.038922468764024609	-0.038400902905749934	-0.11152890208605237	32.113327679528503	0.9965529435280287	-0.041135037118022133	-0.10900470060261003	-0.039660056992588455	0.0025466672021883167
335.0	-0.00062535701479204953	0.0017362158820533047	-0.0019115606919020145	32.140788372987863	0.9999953016405736	-0.03789975182162908	-0.15917893692796747	-0.036021614997763907	0.00018509430534289297
336.0	0.0031400524991664902	0.0003605962367490001	0.10260824072858998	32.302629025926329	1.0034517548313977	-0.030267291161167664	0.049742565624928403	-0.035820212271189034	0.0029645505677604786
337.0	-0.00076603973882694021	-0.0025068328762480885	-0.099899040075637879	32.346660344980258	1.0034517548313977	-0.037831167502204277	-0.069983459866660436	-0.035496465658918286	0.0047053437051816629
338.0	-0.0082898450525945577	0.0014256616489269902	0.057924365106776232	32.361567776150601	1.0034517548313977	-0.023622259779751964	-0.031131751868010316	-0.019513435049596017	-0.0050101629963399032
339.0	-0.0088294309099128387	-0.016761096955210109	0.0036203762882005552	32.224752369324207	1.0034517548313977	-0.047828396627489944	-0.054507172131312176	-0.040967463669454141	0.0029215030489572863
340.0	0.005786135129251857	0.0071687456097007107	-0.04148270659870601	32.142281876863585	0.9965529435280287	-0.054644807508418491	-0.09280393175045254	-0.050570237622498571	0.0015388925685083927
341.0	-0.011291372384837572	-0.0089361554256319753	0.0047280484289387026	32.328866777991038	0.9965529435280287	-0.055913768785410101	-0.085941178899792803	-0.052596167285916762	-0.00081632439069703787
342.0	0.009628617780517823	0.0071348299291726924	0.036065024422413217	32.394151773170826	0.9999953016405736	-0.010378035950487474	0.061652747608672787	-0.0078739842094162071	0.0016774634606480485
343.0	-0.0033312510818599428	-0.0026558169207482329	-0.028587813251093941	32.368542476252223	0.9999953016405736	-0.014770068753289012	0.03497649504948086	-0.020094029812160352	0.0010020292995363306
344.0	-0.0081484610887321285	-0.0056913066282391345	0.014594278787093629	32.413450603066401	0.9965529435280287	-0.020821971618277146	-0.053037466892015495	-0.023209324410234711	-0.0014551251609567549
345.0	0.0085734886037196478	0.003359501006374499	0.029315455396400791	32.327035452193265	1.0034517548313977	-0.014955637735654559	0.076177028580023176	-0.015566315106896544	0.003758862436388392
346.0	-0.011438886715358754	-0.0080342523158369872	-0.068863760990541811	32.475845713554925	0.9999953016405736	-0.024415551700418536	-0.050611097517294867	-0.026786522226037057	0.00035422803686673205
347.0	0.0082347374987532529	0.0055875786203252176	0.030575669400729755	32.711043323465034	0.9965529435280287	-0.0020668761248832102	-0.023655804404765668	-0.010678045816498782	0.0030013869152946946
348.0	0.0016903422722456263	0.0053124197468616963	0.045482499148053357	32.865724262842711	1.0034517548313977	-0.0039232019877222246	0.063309401341993699	-0.0024947138852506878	-0.00062069055932140876
349.0	-0.0046331426387271613	-0.0011227559767075235	-0.035632681938081445	32.669917415592316	0.9999953016405736	0.0038901974612022272	0.022948670974973551	0.0020978301462641902	-0.004131077221340965
350.0	-0.00072082411263396651	-0.0054701992561303481	0.021594496225736171	33.022642370611258	1.0034517548313977	-0.0087148317241008133	0.0084781427782965046	-0.0093535079008890687	0.00061829792215533123
351.0	0.014480717156865497	0.015692773204706745	0.01750335624677124	32.929882773118415	0.9999953016405736	0.0096337584013541644	0.054569312276161686	0.016171801704181199	-0.00059375812568589962
352.0	-0.0034986152700973161	-0.00090784194350757019	-0.047787464617422781	32.897283088257204	0.9999953016405736	0.014417223086085729	-0.0078124311283547243	0.016000537264058368	-0.0031845314522755282
353.0	-0.0025176521138803309	-0.0014287014449112512	-0.040944746466069049	32.730185499929441	0.9999953016405736	0.0096290206347999785	-0.078072632990824564	0.0046886371068664001	-0.0042734821212447559
354.0	0.0031208859908951059	-0.0027095949071682668	0.044299772937702153	32.49864473212493	0.9999953016405736	0.014953678043468699	0.0350909009374194	0.017351827252195751	0.0015569987768187612
355.0	0.0082327083362039311	0.0065827887669676066	-0.0017817956883758868	32.463167748482292	0.9965529435280287	0.015948888190111088	0.0027334358483137589	0.021923938693435341	0.003206918346055077
356.0	0.0078912572980935902	0.0075688541015543898	-0.052976338779510135	32.000974271001624	0.9965529435280287	0.018205322544803781	-0.095725402079249733	0.019073893795393593	0.0035293215425942167
357.0	-0.0026274763771825249	-0.00044747167809466859	0.12751311037875124	32.206778604393989	1.0034517548313977	0.018880606843416636	0.06742039023758295	0.01985745479731249	0.0013493168435064133
358.0	0.0082041624031850002	0.0095431185370447036	-0.020453349020653544	32.081895450861211	0.9965529435280287	0.033893924636591688	0.025372544991193235	0.033771134182958518	1.0360709646604151e-05
359.0	0.008718881587072902	0.0082508157877621002	-0.0081263898187644568	31.899418481810823	0.9965529435280287	0.026451967219647043	-0.00025720107434246131	0.021205500150369483	0.00047842650895748944
360.0	-0.0060661157291013179	-0.0057007787263687604	0.074692672683764894	32.011009498162601	1.0034517548313977	0.021659030436785853	0.12222293622684521	0.022499522708205877	0.00011308950622487322
361.0	0.011095606864623297	0.0092015227985040582	-0.069006675752595781	32.278627495797451	0.9965529435280287	0.032289254680201163	0.094161006940318481	0.035770436763211899	0.0020071735723441592
362.0	-0.0031761345358196635	7.6587551932183473e-05	0.0081132227833056181	32.1310098629001	1.0034517548313977	0.035075437139301613	0.057974456785921946	0.032321200861485044	-0.0012455485154076215
363.0	0.0028724069737260383	0.0048133143610959994	0.0098296920236704555	32.223863780130436	1.0034517548313977	0.033305962733430006	0.069585944497968288	0.033310936703812466	-0.0031864559027775666
364.0	-0.0043784715156689469	-0.0070111315679581843	0.0061902261001001158	32.587587942803168	0.9999953016405736	0.018725977063917432	0.12875250937757854	0.016906248561015635	-0.00055379585048850118
365.0	-0.0080397443695323645	-0.0090917998544286505	-0.044201315237133887	32.827688818443129	0.9999953016405736	0.01008164888758345	-0.042961916238306586	0.0085698815511925375	0.00049825963440779694
366.0	2.7675896354661944e-06	0.0011458009444591521	-0.041933729382876983	32.468777613726047	1.0034517548313977	0.0016843312949978984	-0.064442296600530025	-0.0014469452531788995	-0.00064477372041571522
367.0	-0.0011566491429852999	-0.0018666062980394749	0.008702796432856319	32.148819926778962	0.9999953016405736	-0.0084330907908036767	-0.047613110348909249	-0.0077619824573997853	6.5183434638256093e-05
368.0	0.0084881135551673204	0.0029942136521434737	0.053667233807940917	32.227111046908938	1.0034517548313977	0.00026190158770855732	-0.068638549224733225	-0.002468504826370399	0.0055590833376621754
369.0	-0.0045904405362879874	-0.0012650456024394519	-0.028731892668422132	32.209372719525774	0.9999953016405736	-0.010204666813234953	-0.028363766140559576	-0.012478802912396558	0.0022336884038137079
370.0	0.0045346956362797286	0.010271146241552342	0.018263368102214628	31.997722063435567	0.9999953016405736	-1.010812361479374e-05	-0.018213620821650567	0.0046198719872292404	-0.0035027622014588643
371.0	0.0010940821431415504	-0.0040596653790851978	0.0074811940698262802	32.04789952332716	1.0034517548313977	-0.0088830878637959909	-0.020562118775494742	-0.011847610544070797	0.00165098532076778
372.0	-0.0053443385380194108	0.0018042084840870221	-0.010006039733658767	31.836341968059653	1.0034517548313977	-6.7747811750784592e-05	-0.036758384609253625	0.0014613253403445992	-0.0054975617013385894
373.0	0.0051385267524663991	-0.0019223430455426183	-0.026222821638912652	31.762527968066312	0.9999953016405736	0.0071017089971352476	-0.01877989101103239	0.0027250446123632255	0.0015633080966702955
374.0	0.0095047727736365939	0.0098627079862803058	0.036798950352009863	31.562057247292628	1.0034517548313977	0.015818616038956401	0.059952788723854455	0.018310555650055793	0.0012053728840267139
375.0	0.0089682426055130993	0.010107702274211094	0.028778780443536656	31.428525794684866	0.9999953016405736	0.027792924611206971	0.080028772734534792	0.031148447977086269	6.591321532872099e-05
376.0	-0.0046317430385689473	-0.0021165990871725437	-0.053328908806460573	31.11995531976536	0.9999953016405736	0.022682111871890953	-0.026967369879866698	0.027560307422673791	-0.0024492307360676796
377.0	-0.0065727068191938631	-0.0065372896616917586	0.024190706966685571	31.346948437303677	1.0034517548313977	0.017409867812638646	0.025955229755241005	0.0182105528322698	-0.0024846478935697551
378.0	0.011617765240263811	0.0080911642725107757	0.023781871820081069	31.413577287764102	0.9965529435280287	0.01522988584359708	0.031473733473107446	0.013757231413760174	0.0010419530741831531
379.0	0.0045610352824896339	0.0071545666893162441	-0.002226868788009595	31.447553416067322	0.9965529435280287	0.026444117911998521	0.021765670615271571	0.028071793621008201	-0.0015515783326433056
380.0	0.0027719504526997341	-0.00089388426757008865	-0.020814062354026275	31.62955603389042	0.9965529435280287	0.023746025160341411	0.010957647994904063	0.020076302714305161	0.0021142563876264688
381.0	-0.010173861752788005	-0.0064845018203383287	0.012217987488932325	31.659245854490774	1.0034517548313977	0.0191838663855457	0.04939845712274904	0.020387152647682871	-0.0015751035448232664
382.0	0.0033702733181149025	0.0027124860604885725	-0.019311105858136335	31.831073309885578	0.9999953016405736	0.012033644459753967	-0.0067115990873971576	0.0072235832492026919	-0.00091731628719691929
383.0	0.0058860886694234171	0.0030505403046594548	0.10952282696479987	31.95294988823164	0.9965529435280287	0.0049764824902023275	0.074032447433866055	0.0035282307801207669	0.0019182320775670135
384.0	-5.0901029542416154e-05	0.0019530220496575268	-0.041988804773595234	32.351336657864181	1.0034517548313977	0.009046103627032398	0.085372551466731394	0.0090228629376758462	-8.5691001632815062e-05
385.0	0.0081598343322148992	0.0084944293024380446	-0.039962756080849982	32.13071092887192	0.9965529435280287	0.024077822591162201	0.021219088419195842	0.030171326841499368	-0.00042028597185596512
386.0	-0.012554101786233618	-0.013655259370528583	-0.030157492685134013	32.07550013467899	0.9965529435280287	0.0023313989481228425	-0.03272027608601924	-0.00056053341166828474	0.00068087161243890991
387.0	-0.0095506979398169989	-0.009817753019819353	-0.068766800942555939	31.826211601618287	0.9965529435280287	-0.014640920761012755	-0.099260208240565584	-0.014527979360067445	0.00094792669244135185
388.0	0.011942720405418106	0.013102595734479028	0.099910328830242312	32.088594683764846	0.9999953016405736	-0.00064444075896363806	0.021464182943703003	0.00038718575120921805	-0.00021194863661956378
389.0	0.0051334067505730552	0.004350320272494157	0.01180350725109891	32.380252482188681	0.9965529435280287	0.010190381333868848	0.021049702705869588	0.014029362532589573	0.00057113784145925101
390.0	-0.0042490550182281428	-0.0033852318238407619	0.011434688047588404	32.503754937667296	1.0034517548313977	0.0040926634495395131	0.051795496611594327	0.0095601236709945692	-0.0002926853529281594
391.0	0.0066224538944057443	0.0052901651783787695	-0.0090388432557795273	32.351240960296579	0.9965529435280287	0.0063322883232588278	-0.066766173608985069	0.0013451438287648276	0.0010396033630988555
392.0	-0.0068292811995955827	-0.0065166140415791052	-0.052465722384775759	32.483650377468486	1.0034517548313977	-0.0021373477679778041	-0.077243091220165594	-0.0028913047601057951	0.00072693620508244047
393.0	0.0088281208820093493	0.0082813951547073827	0.033090693377632263	32.255590746107387	0.9999953016405736	-0.002350381915708466	-0.0041896417616833492	-0.0051288524343708897	0.0012736619323842555
394.0	0.00084285856057753072	8.5145006854858707e-05	-0.032181313605696316	31.917228885030749	0.9999953016405736	0.011390022461674976	-0.0062134626822456518	0.012918880666464405	0.0020313754861069791
395.0	-0.00088023829915417906	0.0037541923021806589	-0.0073443708284364195	31.762517146128086	1.0034517548313977	0.024961967783674988	0.055208967431873868	0.025180346055752478	-0.0026030551152279352
396.0	0.00063286217356983698	0.0014590069564026642	0.13530689526089068	32.315475910652928	1.0034517548313977	0.013318379005598624	0.090605533862522236	0.009888403348653263	-0.0034291998980607633
397.0	0.0012192434808906416	-0.0015368402569202466	-0.11914306556443988	32.438428354950766	1.0034517548313977	0.0074312184761842204	-0.04034103895301655	0.006898096801939646	-0.00067311616024974812
398.0	-0.0089572575634007112	-0.0091977315349140998	0.054673662015986224	32.566859542031587	0.9965529435280287	0.0016187187651108825	0.00289793501538127	0.00095313821087961159	-0.0004326421887363286
399.0	0.0012178467333407994	-0.0003826641546378351	-0.10565071200646003	32.550647364672407	0.9965529435280287	-0.0040541105679057221	-0.093713933735299237	-0.0014297516768990715	0.0011678686992421985
400.0	-0.013197239886043155	-0.0089483253078956881	0.019126494837929719	32.629726737452614	0.9965529435280287	-0.0064858218342223051	-0.022121716512593759	-0.007519807869505124	-0.0030810458789052066
401.0	0.017436023332952688	0.013868587274115551	0.11296166292710885	32.843679897694486	0.9965529435280287	-0.00089862971481413645	0.057749253036882831	-0.0029077957506973284	0.00048639017993189302
402.0	-0.0052905115945605097	-0.0059039587214368972	-0.021723093593992937	33.224774271209753	1.0034517548313977	-0.0068877334431058923	0.068207473048586209	-0.0073482557133108806	0.0010998373068082966
403.0	-0.0042705355832524106	0.00095875619850271931	-0.059841559162799207	33.384865224487001	0.9999953016405736	-0.0096831695467838319	0.015710284714223421	-0.0093687715547623451	-0.0041294544749467914
404.0	0.0067465758720610669	0.0015185800860024745	0.096853804589234427	33.907309452471011	1.0034517548313977	-0.0096235964171840216	-0.022742805957432832	-0.0059687706235518334	0.0010985413111118474
405.0	0.0046529630026852509	0.002220966853563322	-0.047744453356488803	34.240328774005775	0.9999953016405736	-0.005865789306700453	0.048655806250518241	-0.0089229619445567732	0.0035305374602336488
406.0	-0.015731339507706554	-0.012515678721758183	-0.08717406197927513	34.301836424035706	0.9965529435280287	-0.0091837364935445365	-0.093191917744743114	-0.012042014299719073	0.00031487667428534106
407.0	-0.012173008211642911	-0.0096065512539751374	0.032920562819207744	34.516991323274645	0.9999953016405736	-0.018407623592881839	0.045379357080924665	-0.016368407720145139	-0.002251580283382472
408.0	-0.0096650747687745397	-0.010459568697988253	-0.14706304732972475	34.266947123482268	1.0034517548313977	-0.019918866982974404	-0.1208101850867298	-0.020183400526124551	-0.0014570863541686948
409.0	-0.0017156141682832526	-0.0029833986790055445	0.117204326583078	34.185591253480354	1.0034517548313977	-0.036770852936095499	-0.11656752143076066	-0.035176029737000736	-0.00018930184344636506
410.0	0.0058777201400730394	0.007006293348916337	0.05673712279100962	34.051882744799421	1.0034517548313977	-0.023860600865742265	-0.0381073050457581	-0.022939216985740529	-0.0013178750522898114
411.0	-0.0041350974968801246	0.0026405330199252841	-0.065080322292289106	33.672933687614631	0.9965529435280287	-0.0221788240443197	-0.043346068175247998	-0.022209493485158438	-0.0080935055690950618
412.0	0.0014765464447952237	-0.010311396335196843	-0.06382630651298471	33.348850556056746	0.9999953016405736	-0.034008800465519018	-0.20402617927746713	-0.027983603725381334	0.0036944372108967962
413.0	0.0028858351279379413	0.0077595500139944207	0.05786839081529882	33.422255656882243	1.0034517548313977	-0.028470217305087919	-0.098413335105679511	-0.026937260780575123	-0.0011792776751595832
414.0	-0.0040544733008582856	-0.0047815925881480315	0.074222735451064503	33.552917824871066	0.9999953016405736	-0.020736131171477767	0.062983462324660122	-0.017437119764880604	-0.00045215838786974086
415.0	-0.0044368887562815651	-0.0072247252711044041	-0.071510603043312582	33.448917959981451	1.0034517548313977	-0.018354305188607034	-0.041447703537860203	-0.020498455988837039	0.0023356781269530686
416.0	0.0072243634895143849	0.0089658729680983651	-0.043024278675862782	32.935872974450312	0.9965529435280287	0.001071136477479584	0.062591065116001765	0.00025765340091465916	0.00059416864836899809
417.0	-0.0081500328213450768	-0.0063217635680730133	0.11409051946446724	33.309401935765258	0.9999953016405736	-0.0022672284115878849	0.059477257997391009	-0.005906212274034317	-0.0012341006049030265
418.0	0.01399250225452886	0.012993249455445888	-0.039294973135198363	33.033080059584336	1.0034517548313977	0.0037197276949416658	-0.036554837928816974	0.0043347728360454418	-0.00023484780581998542
419.0	-0.0043362208347359488	-0.0059233568226944033	-0.017192149551923386	33.173915041515222	1.0034517548313977	-0.0048441621476780217	0.011333334811548745	-0.0058572347315324347	0.0013522881821384808
420.0	-0.06765615930841018	-0.067695165217449782	-0.063513343916714371	33.335021854921081	1.0034517548313977	-0.062227931029930961	0.011646297407819084	-0.065410512081295558	0.0013912940911779798
421.0	0.011303924714673563	0.013178954967473011	-0.049087210022246586	33.059226262816779	1.0034517548313977	-0.05680852607645237	-0.095309303429726322	-0.052852183863940416	-0.00048373616162147311
422.0	-0.0029948048311629893	-0.0054857457666561693	0.071432005660621467	33.269075431987325	1.0034517548313977	-0.057512679254960508	-0.098100033220169358	-0.057737365946556762	0.0020072047738718159
423.0	-0.0064668916743999549	-0.0064426416570093625	0.035825663212076142	33.399441855759456	0.9999953016405736	-0.056730595640865467	0.0092362330352193656	-0.056790935634847051	0.0019829547564810283
424.0	-0.0085919187405454345	-0.0053770957314402956	-0.11474876854569049	33.157866120009942	0.9965529435280287	-0.071073564340404127	-0.062488256834608347	-0.06938432978942366	-0.0012318682526240798
425.0	-0.0049030631297315441	-0.003594371692570153	0.043093936202747596	33.070128627081282	0.9999953016405736	-0.068346172464901267	-0.13348484009632799	-0.064307043281867093	-0.0025405596897852909
426.0	-0.0052336555673031526	-0.0086015875992722091	-0.04786619037597073	32.855119272056491	1.0034517548313977	-0.089941009519619364	-0.14205605733710036	-0.090018295248065927	0.00082737234218367467
427.0	-0.0034167918816687681	-0.0040519491519532824	0.011972949967035795	32.918584443211891	0.9965529435280287	-0.088069601848878243	-0.11289095781814118	-0.090084103423887063	0.0014625296124680946
428.0	-0.0010670054372090565	0.0015571795309001768	-0.011389380531086513	32.487469647539065	0.9965529435280287	-0.018817257100528284	-0.060766994432513322	-0.016671830067811255	-0.0011616553556410159
429.0	0.00083815818243815343	0.00077726335800853974	0.020535550358768528	32.346534285289408	0.9965529435280287	-0.031218948709992755	0.0088557659485017926	-0.036126323061508536	-0.0011007605312115492
430.0	0.0069068317553655501	0.0044515927916131126	-0.022124507502944146	32.118940432396926	0.9999953016405736	-0.021281610151723473	-0.084700747215063821	-0.024713975305310276	0.0013544784325408973
431.0	-0.005323954095781902	-0.0043660557125031474	0.028660981603376268	31.778979867065832	1.0034517548313977	-0.019205024207217258	-0.091865428823763695	-0.016308649879974269	0.0003965800492622282
432.0	0.0073241947936326657	0.0042888178931053123	0.027003378369731657	31.516463023808885	0.9965529435280287	-0.0095391105826716505	0.049886718091658455	-0.011191734321022828	0.0034319569497895902
433.0	0.0035822025167915328	0.0057125280030765335	-0.015516270476569227	31.619195813022603	1.0034517548313977	-0.00023221088702496395	-0.0087234885876583679	-0.0013838325762882686	0.0013016314635046213
434.0	0.0017841937024933863	-0.0029358693224550425	0.06798000651665248	31.965821620638106	0.9965529435280287	0.0054335073897922026	0.10712270830496484	0.0043369088175635451	0.0060216944884530933
435.0	0.0022600075548775411	0.0069451015618682277	-0.010730378412960428	32.031801050147294	0.9999953016405736	0.016430558103613713	0.084419379924968618	0.024128972979161167	0.0013366004814623831
436.0	-0.0051811217970720858	-0.0015810891322438625	-0.0084214744946291553	31.853064885663223	1.0034517548313977	0.013292289440469673	0.087387285961425976	0.0098683933353567177	-0.0022634321833659896
437.0	0.0030688123998341421	0.0013049984336210851	0.00022357113220694558	31.671599737505915	1.0034517548313977	0.013820024516082219	0.067075306734864393	0.017226002531752771	-0.00049961821715290206
438.0	-0.002464751307431845	-0.0027232217738080156	-0.041276831468632924	31.362000410867729	1.0034517548313977	0.0066452099506610907	0.047922982769175615	0.0092742432386836438	-0.00024114775077659304
439.0	-0.0038494148168408682	0.00015381787745671893	-0.021813682052836292	30.984300024330405	1.0034517548313977	0.011165083540620957	-0.0025516808870369445	0.007830515084460421	-0.0042443804450741536
440.0	-0.0015024689938700764	-0.0074560428140431068	0.11232427434674386	31.442462002598255	1.0034517548313977	-0.00057977716652746203	0.082769215089975257	0.0024677245064086417	0.0017091933750986751
441.0	0.0077172413584456478	0.009273051644084207	0.0032803404687515858	31.449019669517988	1.0034517548313977	0.0029807464744802115	0.10156582603529607	0.0041891050772255856	0.00015338308946020356
442.0	0.0038194639358044569	0.0040310432267947061	0.0035379300230318211	31.890126140467547	0.9965529435280287	0.00994765902372996	0.03712374954167541	0.013382836327896719	-5.8196201529950581e-05
443.0	-0.004013441004308449	-0.0026740951085728604	-0.069927024290603157	32.098901580450544	1.0034517548313977	0.00032846235328887197	-0.022072896335967318	-0.0059638640229182638	-0.0013975420972655267
444.0	0.0087186800467833336	0.010114924872870024	-0.021041187928042326	31.761632840287728	1.0034517548313977	0.012024476358402758	-0.034692609769380489	0.012584834881109508	-0.002793786923352381
445.0	-2.7732021087079062e-05	-0.0022730912388715385	0.064863533862504319	32.094865133544644	0.9965529435280287	0.0084463866859101344	0.029947352960916884	0.0092086008310054979	-0.00054842770556787494
446.0	0.00096988953543375445	0.002632556858430446	0.02160483021647952	32.05478504021653	0.9965529435280287	0.013802165318148596	0.092829014646029329	0.010444663816163047	-0.0022110950285646178
447.0	0.0024310270416760815	0.00019270085625366917	-0.058043341974413076	32.25331241470942	0.9965529435280287	0.013841048296945546	0.056599354724452544	0.012403248109263298	2.7231156857935153e-05
448.0	-0.0037862823624319475	-0.0014701014448075256	-0.0063831745290368058	31.991750165297162	0.9999953016405736	0.019826989666181127	-0.062108094151328119	0.018892821853768726	-0.0022889497607664908
449.0	0.0040617926744441757	0.0053486766699393229	-0.081220656987621043	31.452377313725663	1.0034517548313977	0.015902614692036243	-0.14660909160770075	0.015003379622202662	-0.003575833756261736
450.0	-0.0020306456660768024	-0.005845688610644828	0.12021950331428788	31.766314193753104	0.9965529435280287	0.0060258828545967091	-0.02992751831644469	0.00043379273470867119	0.00023920918830626963
451.0	0.0011988049580013982	0.00094852292715352782	-0.13754580074869449	31.408095300948247	0.9965529435280287	0.0096485008903230973	-0.097546294774536024	0.01389635041949977	0.00048949121915426168
452.0	-0.013710013750740879	-0.014592596662930113	0.04859114945164178	31.251803229278551	0.9965529435280287	-0.015059020645477039	-0.027913957394851918	-0.018258525387165436	0.0013720741313434683
453.0	0.0028214332623590632	0.0040512174945490642	0.11979321165477685	31.274118859077085	1.0034517548313977	-0.0087347119120564365	0.027015720397420617	-0.014321769442639631	0.00014228989915339606
454.0	0.0035531197402440817	-6.4634006411434797e-06	-0.1084066390943752	31.357324631795194	0.9999953016405736	-0.011373732171128026	-0.1029957489134341	-0.0069445438154966954	0.0037018730400386638
455.0	-0.0041104170118064776	0.0011977530561706473	0.12154377812453299	31.859050001111832	0.9999953016405736	-0.010368679971211048	0.076591371185511958	-0.0068166302973438064	-0.0016062970279384602
456.0	0.015751462086833534	0.011342836080547425	-0.048085253189772637	31.931429290260041	1.0034517548313977	0.0024442575541439027	0.034889292524776128	0.0035912771364470242	0.0028023289783476431
457.0	-0.010442344789875602	-0.0051328777612873466	-0.065071239945313497	32.019575672300142	0.9999953016405736	-0.0080372968770827669	0.051038709567083673	-0.0080564793989685857	-0.0025071380502405308
458.0	-0.0047754696671211683	-0.0055591861098274187	0.045235547169940826	31.839196833122774	1.0034517548313977	-0.0077507943762653575	-0.023945246577263379	-0.0040323722279080876	-0.0017234216075343554
459.0	0.0064430747462951299	0.005753363401135525	-0.018262382340542338	32.016887249787231	0.9999953016405736	-0.0029459539022833603	0.095338171830888774	-0.0076941594549624348	-0.0010337102623747677
460.0	-0.0021897268282902171	-0.0025983772789999193	0.0048697242992672418	31.999942984165155	1.0034517548313977	0.0090482654816468333	0.051616746678514236	0.013492684711264413	-0.00062505981166511453
461.0	0.0097378096919487067	0.0052537852204788127	-0.0096039203663760286	31.71236543517438	1.0034517548313977	0.010250833207576582	-0.077780385342638647	0.011251506589817106	0.0038589646598047546
462.0	-0.0061418902184979807	-0.00064260884835909415	0.041291886729386551	31.789408674684122	0.9999953016405736	0.0096146877598586311	0.071918140481123105	0.011996103171977524	-0.0016403167103340439
463.0	0.0093248165876160805	0.010889711436043115	-0.018993985501815969	31.544098217767466	1.0034517548313977	0.019306646139731098	-0.06861962314522585	0.018475685978220691	-0.0032052115587611276
464.0	0.015691312881163322	0.010579475707850783	0.085280217118024471	31.567176305129003	0.9965529435280287	0.018543285767034456	0.064745847162571257	0.016132545440440849	0.0019066256145514118
465.0	-0.0051378387715992346	-0.0031708264911640693	-0.043814932948273544	31.441540808394894	0.9965529435280287	0.020505337037157734	0.08600215415961121	0.018893034477866166	-6.0386665883702115e-05
466.0	0.0029917558719028126	0.0068653266966411941	-0.010241045622543687	31.257005195160552	1.0034517548313977	0.032929849843626346	0.030525561367126697	0.0304992521523062	-0.0039339574906220578
467.0	-0.0021975448376116979	-0.0070062986202616973	-0.0052842812606788137	31.079192821283922	1.0034517548313977	0.020170187822229124	0.043503662446990221	0.021811694666577619	0.00087479629202799722
468.0	-0.0058415364622903532	-0.0073469140276292144	-0.010582979947096005	30.891183753723279	0.9999953016405736	0.015421651073599829	0.028050958200626974	0.0095478148790681949	0.0023801738573667216
469.0	0.0035661948920018283	0.0069199854807084904	0.045133306561176312	31.04905004295415	0.9965529435280287	0.017087851333829507	0.082788185128179315	0.017633342992240841	-0.0009736167313399161
470.0	0.0038741187783952746	-0.0010401898641043683	-0.080053536242070455	31.153823510086685	1.0034517548313977	0.016690270318084233	-0.038557237843277692	0.012514856497389371	0.003940691911159787
471.0	-0.0083376818171023714	-0.0082996768559306933	-0.040644843930979224	31.155554032494486	0.9999953016405736	-0.0024991179738895752	-0.060208096272440947	-0.0013281472059605282	0.0039026869499881813
472.0	-0.013553692285120267	-0.0079039776444098653	0.043021834996763708	31.322504650619159	0.9965529435280287	-0.020982571326150223	-0.10246647839370171	-0.019633361780756253	-0.0017470276907222495
473.0	0.0067943144438140646	0.0028637322239044583	0.0093261719239512431	31.295377508224831	0.9999953016405736	-0.014948012611081696	-0.049325373521476923	-0.0146802150173726	0.002183554529187357
474.0	-0.010336495740719487	-0.0028544506715790785	0.028920248049394637	31.593385049348548	1.0034517548313977	-0.024667789979301968	-0.010164079849538599	-0.023372457014238401	-0.0052984905399530609
475.0	0.015441057796347746	0.0097124460222803854	-0.040116978138184045	31.50502682739285	0.9965529435280287	-0.0079490453367598857	-0.04499677672704383	-0.0060047979939497065	0.00043012123411432661
476.0	-0.0018902076547777646	0.00045399919242017361	0.016779305314133186	31.471625700571657	1.0034517548313977	-0.00014813211671049764	-0.017634491465814639	0.0027614723598312629	-0.0019140856130837399
477.0	-0.0026194842249265271	-0.0069780136361656808	-0.0030295674977254272	31.23543333899142	1.0034517548313977	-0.014046131233584669	-0.065797365524716378	-0.018101969894274816	0.0024444437981555535
478.0	0.0091712033236512891	0.01382447571690637	0.078042798235279154	31.225333246368763	0.9999953016405736	0.00081853434742606979	0.092298968952633231	0.0024859867576541017	-0.0022088285950996461
479.0	-0.0016993316199249708	-0.006504224511361123	-0.042941166573506884	31.300423690334405	1.0034517548313977	0.00261398669199564	0.090002646310105572	0.0056126346207308053	0.0025960642963364648
480.0	-0.0072907678473306259	-0.0026668078597660294	-0.051141755489368945	31.427988111169711	1.0034517548313977	0.0078511564766394759	-0.0041609441760270816	0.0051580259118515492	-0.0020278956912281611
481.0	0.0017033919567006617	0.00075728211026127035	0.037804757283448343	31.463952004442049	1.0034517548313977	0.005744706362996288	0.024317641183470018	0.0083923060938657645	-0.0010817858447887778
482.0	-0.0047556694322239412	-0.0039294663577262856	-0.084757136523602394	31.019047040178449	0.9965529435280287	0.0046696906768490809	-0.089359743389527013	0.0019107477205373424	-0.0019079889192863439
483.0	0.0049746558896599513	0.0025097476934698992	0.11650729398741011	31.169683286308196	0.9999953016405736	-0.0025330076519614053	0.067264528736067142	-0.0053325949928291205	0.00055691927690381629
484.0	-0.005938312313328753	-0.0019132546522695471	-0.024668034756957891	31.240906963178602	1.0034517548313977	-0.004900261496651126	0.025817188664976065	0.0012133942586169955	-0.0034681383841555988
485.0	0.0042654260599068738	-0.00083625994897418288	-0.015764362076480687	31.477444706375433	0.9999953016405736	0.001241492190540372	0.013082394086220805	0.0072053903116893192	0.0016335476247254658
486.0	-0.010534678048749191	-0.0072000355558012874	-0.080444450624636898	31.258746003782903	0.9965529435280287	-0.019783019082167286	-0.14540485477369525	-0.022251364445884825	-0.0017010948682223048
487.0	0.012140648749606076	0.0047771673468099962	0.029650026873433877	31.118563494636401	1.0034517548313977	-0.0085016272239961665	-0.072813661326754486	-0.0092821073621214278	0.0056623865345736876
488.0	-0.023137242080724096	-0.016852291557156507	0.094068633366185761	31.57128267075916	0.9999953016405736	-0.022687110921386644	0.07239672752880022	-0.0205373652150449	-0.00062256398899387683
