25 1.131830 1.042855 0.864270 2.649466 0.711158 1.185041
26 1.138879 1.033564 0.853033 2.681900 0.759445 1.166252
27 1.146161 1.024175 0.841630 2.713179 0.808499 1.146999
28 1.153650 1.014734 0.830117 2.743030 0.858107 1.127352
29 1.161315 1.005292 0.818552 2.771177 0.908037 1.107389
30 1.169120 0.995900 0.807000 2.797344 0.958041 1.087195
31 1.177026 0.986615 0.795528 2.821258 1.007857 1.066864
32 1.184991 0.977492 0.784209 2.842658 1.057211 1.046494
33 1.192969 0.968588 0.773113 2.861297 1.105824 1.026188
34 1.200911 0.959962 0.762316 2.876947 1.153415 1.006053
35 1.208766 0.951668 0.751889 2.889405 1.199706 0.986194
36 1.216484 0.943759 0.741903 2.898496 1.244427 0.966718
37 1.224014 0.936286 0.732426 2.904078 1.287320 0.947730
38 1.231305 0.929294 0.723523 2.906042 1.328144 0.929328
39 1.238307 0.922825 0.715251 2.904318 1.366680 0.911606
40 1.244973 0.916912 0.707664 2.898870 1.402733 0.894650
41 1.251260 0.911586 0.700807 2.889702 1.436135 0.878538
42 1.257127 0.906868 0.694717 2.876854 1.466749 0.863336
43 1.262538 0.902776 0.689426 2.860399 1.494467 0.849103
44 1.267460 0.899317 0.684956 2.840443 1.519212 0.835883
45 1.271865 0.896495 0.681321 2.817122 1.540938 0.823713
46 1.275732 0.894306 0.678527 2.790594 1.559631 0.812615
47 1.279043 0.892741 0.676576 2.761040 1.575300 0.802604
48 1.281783 0.891785 0.675459 2.728658 1.587985 0.793680
49 1.283944 0.891419 0.675163 2.693658 1.597746 0.785839
50 1.285521 0.891619 0.675669 2.656258 1.604664 0.779064
51 1.286514 0.892359 0.676953 2.616684 1.608839 0.773333
52 1.286924 0.893609 0.678987 2.575160 1.610383 0.768617
53 1.286758 0.895336 0.681741 2.531909 1.609422 0.764879
54 1.286022 0.897507 0.685181 2.487152 1.606090 0.762081
55 1.284729 0.900087 0.689271 2.441099 1.600527 0.760178
56 1.282888 0.903041 0.693974 2.393957 1.592875 0.759124
57 1.280515 0.906332 0.699253 2.345918 1.583281 0.758872
58 1.277623 0.909925 0.705068 2.297165 1.571888 0.759371
59 1.274228 0.913786 0.711383 2.247871 1.558841 0.760572
60 1.270345 0.917878 0.718159 2.198195 1.544278 0.762424
61 1.265990 0.922170 0.725359 2.148283 1.528335 0.764878
62 1.261180 0.926627 0.732947 2.098270 1.511143 0.767885
63 1.255929 0.931220 0.740887 2.048281 1.492826 0.771397
64 1.250253 0.935917 0.749147 1.998427 1.473503 0.775369
65 1.244169 0.940690 0.757692 1.948808 1.453286 0.779756
66 1.237690 0.945511 0.766492 1.899516 1.432281 0.784515
67 1.230832 0.950354 0.775515 1.850632 1.410588 0.789605
68 1.223608 0.955194 0.784734 1.802229 1.388299 0.794988
69 1.216033 0.960008 0.794121 1.754371 1.365503 0.800626
70 1.208121 0.964774 0.803648 1.707115 1.342281 0.806484
71 1.199884 0.969470 0.813292 1.660513 1.318708 0.812530
72 1.191338 0.974077 0.823027 1.614610 1.294857 0.818731
73 1.182495 0.978578 0.832833 1.569445 1.270794 0.825059
74 1.173370 0.982955 0.842686 1.525054 1.246581 0.831488
75 1.163978 0.987194 0.852568 1.481470 1.222277 0.837990
76 1.154333 0.991282 0.862458 1.438720 1.197938 0.844545
77 1.144453 0.995206 0.872340 1.396832 1.173615 0.851130
78 1.134354 0.998956 0.882198 1.355828 1.149360 0.857728
79 1.124055 1.002525 0.892016 1.315733 1.125221 0.864320
80 1.113577 1.005906 0.901782 1.276566 1.101244 0.870894
81 1.102942 1.009098 0.911485 1.238350 1.077476 0.877438
82 1.092175 1.012098 0.921115 1.201104 1.053961 0.883943
83 1.081303 1.014909 0.930667 1.164851 1.030744 0.890404
84 1.070359 1.017537 0.940135 1.129611 1.007872 0.896818
85 1.059375 1.019993 0.949520 1.095409 0.985389 0.903188
86 1.048391 1.022291 0.958823 1.062268 0.963344 0.909521
87 1.037452 1.024452 0.968053 1.030215 0.941787 0.915827
88 1.026606 1.026501 0.977222 0.999281 0.920770 0.922125
89 1.015911 1.028472 0.986350 0.969499 0.900349 0.928440
90 1.005432 1.030411 0.995464 0.940908 0.880586 0.934805
91 0.995245 1.032370 1.004602 0.913552 0.861547 0.941266
92 0.985438 1.034420 1.013814 0.887483 0.843308 0.947881
93 0.976114 1.036646 1.023168 0.862764 0.825954 0.954725
94 0.967396 1.039158 1.032753 0.839468 0.809585 0.961894
95 0.959433 1.042093 1.042685 0.817688 0.794317 0.969514
96 0.952405 1.045627 1.053121 0.797536 0.780291 0.977746
97 0.946537 1.049985 1.064264 0.779154 0.767676 0.986801
98 0.942108 1.055461 1.076390 0.762723 0.756685 0.996955
99 0.939474 1.062435 1.089863 0.748476 0.747586 1.008572
100 0.939091 1.071408 1.105174 0.736714 0.740721 1.022134